##FastQC	0.10.1
>>Basic Statistics	pass
#Measure	Value	
Filename	Trimmed_Partial_SRR2467151.fastq	
File type	Conventional base calls	
Encoding	Sanger / Illumina 1.9	
Total Sequences	4827	
Filtered Sequences	0	
Sequence length	60-89	
%GC	41	
>>END_MODULE
>>Per base sequence quality	pass
#Base	Mean	Median	Lower Quartile	Upper Quartile	10th Percentile	90th Percentile
1	37.09840480629791	39.0	37.0	39.0	33.0	39.0
2	39.28713486637663	41.0	39.0	41.0	36.0	41.0
3	39.367930391547546	41.0	39.0	41.0	36.0	41.0
4	39.373109591879015	41.0	39.0	41.0	36.0	41.0
5	39.22809198259789	41.0	39.0	41.0	36.0	41.0
6	39.004143360265175	40.0	38.0	41.0	35.0	41.0
7	39.37331675989227	41.0	39.0	41.0	36.0	41.0
8	39.46757820592501	41.0	39.0	41.0	37.0	41.0
9	39.168220426766105	41.0	39.0	41.0	36.0	41.0
10-14	39.46078309509012	40.8	39.0	41.0	36.6	41.0
15-19	38.93706235757198	40.0	38.2	41.0	35.2	41.0
20-24	39.04839444789725	40.0	38.4	41.0	35.4	41.0
25-29	38.860120157447696	40.0	38.0	41.0	34.8	41.0
30-34	38.67673503211104	40.0	38.0	41.0	34.4	41.0
35-39	38.85750984048063	40.0	38.0	41.0	34.6	41.0
40-44	38.41690490988192	40.0	37.6	41.0	34.0	41.0
45-49	38.142904495545885	39.8	37.0	41.0	33.6	41.0
50-54	37.383302258131344	38.6	35.6	40.6	32.8	41.0
55-59	36.39718251501968	37.2	35.0	39.4	31.2	41.0
60-64	34.805238512102065	35.2	33.6	37.8	30.0	39.4
65-69	34.23355350814628	34.8	33.4	36.2	30.0	38.4
70-74	33.7055677206363	35.0	33.4	35.6	29.4	36.8
75-79	33.66603847438627	35.0	34.0	35.0	30.0	36.0
80-84	33.40391348674981	35.0	33.6	35.0	29.6	35.6
85-89	32.97129387976281	34.4	32.4	34.8	28.8	35.0
>>END_MODULE
>>Per sequence quality scores	pass
#Quality	Count
25	2.0
26	5.0
27	14.0
28	24.0
29	51.0
30	82.0
31	125.0
32	156.0
33	167.0
34	216.0
35	323.0
36	564.0
37	973.0
38	1537.0
39	573.0
40	15.0
>>END_MODULE
>>Per base sequence content	warn
#Base	G	A	T	C
1	19.618810855603893	28.174849803190387	33.64408535322146	18.562253987984256
2	19.84669567018852	28.485601823078515	31.862440439196188	19.805262067536773
3	20.095297286099026	27.366894551481252	31.095918790138803	21.44188937228092
4	21.296871762999793	28.29915061114564	31.033768386161174	19.37020923969339
5	21.773358193494925	26.331054485187487	32.02817484980319	19.8674124715144
6	19.63952765692977	27.51191216076238	30.080795525170913	22.767764657136937
7	21.52475657758442	29.065672260203023	29.37642428009115	20.0331468821214
8	21.110420551066916	28.195566604516266	31.48953801533043	19.20447482908639
9	19.660244458255647	28.009115392583382	31.0130515848353	21.317588564325668
10-14	19.872379216043758	27.848678213309025	31.478412198558054	20.800530372089167
15-19	20.464056349699604	27.408328154133	30.967474621918377	21.160140874249016
20-24	20.216292367614155	28.196734896826054	30.115190188116355	21.47178254744344
25-29	20.86181893515641	27.54505904288378	31.042055106691528	20.551066915268283
30-34	20.548626362242572	28.135747731322258	30.153731405129907	21.161894501305266
35-39	20.30246529935778	28.245286927698366	30.486844831158066	20.965402941785786
40-44	20.538636834472758	28.000828672053036	30.752019888129272	20.708514605344934
45-49	19.8011187072716	28.266003729024234	30.532421794074992	21.400455769629172
50-54	20.281748498031902	28.178993163455562	30.557281955666042	20.981976382846486
55-59	20.439196188108554	27.54505904288378	30.909467578205923	21.10627719080174
60-64	20.38383250945042	28.284800398787024	30.349354048103685	20.98201304365887
65-69	20.290400870365723	28.02744999581555	30.34563561804335	21.33651351577538
70-74	20.18453464256994	28.331993058788672	30.926482414187156	20.55698988445423
75-79	20.28148528405202	27.956023271731688	30.685318275154007	21.077173169062284
80-84	20.69608183079057	27.973300970873787	30.274791955617196	21.055825242718445
85-89	21.02950408035154	28.427943682180974	30.530894090216126	20.011658147251367
>>END_MODULE
>>Per base GC content	pass
#Base	%GC
1	38.181064843588146
2	39.6519577377253
3	41.53718665837995
4	40.66708100269318
5	41.64077066500933
6	42.40729231406671
7	41.55790345970582
8	40.3148953801533
9	40.97783302258131
10-14	40.672909588132924
15-19	41.62419722394862
20-24	41.68807491505759
25-29	41.41288585042469
30-34	41.71052086354784
35-39	41.26786824114357
40-44	41.24715143981769
45-49	41.20157447690077
50-54	41.26372488087839
55-59	41.545473378910295
60-64	41.365845553109295
65-69	41.6269143861411
70-74	40.74152452702417
75-79	41.3586584531143
80-84	41.75190707350902
85-89	41.041162227602904
>>END_MODULE
>>Per sequence GC content	pass
#GC Content	Count
0	0.0
1	0.0
2	0.0
3	0.0
4	0.0
5	0.0
6	0.0
7	0.0
8	0.0
9	0.0
10	0.0
11	0.0
12	0.0
13	0.5
14	0.5
15	0.5
16	1.0
17	1.0
18	1.0
19	2.0
20	3.0
21	5.0
22	7.5
23	9.0
24	9.5
25	13.0
26	23.5
27	31.5
28	45.0
29	56.0
30	68.5
31	78.5
32	94.5
33	130.5
34	162.5
35	190.0
36	203.0
37	229.0
38	264.0
39	300.0
40	342.0
41	375.0
42	386.5
43	378.0
44	362.0
45	343.0
46	303.5
47	258.0
48	219.0
49	177.5
50	135.5
51	90.5
52	60.5
53	42.0
54	30.5
55	26.0
56	22.0
57	13.5
58	8.0
59	5.5
60	2.5
61	0.0
62	0.5
63	1.0
64	1.0
65	0.5
66	0.0
67	0.0
68	0.0
69	0.0
70	0.0
71	0.0
72	0.0
73	0.0
74	0.0
75	0.0
76	0.0
77	0.0
78	0.0
79	0.0
80	0.0
81	0.0
82	0.0
83	0.0
84	0.0
85	0.0
86	0.0
87	0.0
88	0.0
89	0.0
90	0.0
91	0.0
92	0.0
93	0.0
94	0.0
95	0.0
96	0.0
97	0.0
98	0.0
99	0.0
100	0.0
>>END_MODULE
>>Per base N content	pass
#Base	N-Count
1	0.0
2	0.0
3	0.0
4	0.0
5	0.0
6	0.0
7	0.0
8	0.0
9	0.0
10-14	0.004143360265175057
15-19	0.0
20-24	0.004143360265175057
25-29	0.0
30-34	0.008286720530350114
35-39	0.0
40-44	0.0
45-49	0.0
50-54	0.0
55-59	0.0
60-64	0.0
65-69	0.0
70-74	0.0
75-79	0.0
80-84	0.0
85-89	0.0
>>END_MODULE
>>Sequence Length Distribution	warn
#Length	Count
60	3.0
61	9.0
62	4.0
63	15.0
64	5.0
65	2.0
66	10.0
67	5.0
68	9.0
69	11.0
70	14.0
71	16.0
72	15.0
73	9.0
74	6.0
75	11.0
76	8.0
77	7.0
78	12.0
79	15.0
80	10.0
81	9.0
82	21.0
83	24.0
84	23.0
85	33.0
86	37.0
87	32.0
88	161.0
89	4291.0
>>END_MODULE
>>Sequence Duplication Levels	pass
#Total Duplicate Percentage	4.205510669152683
#Duplication Level	Relative count
1	100.0
2	1.967993079584775
3	0.1513840830449827
4	0.0
5	0.0
6	0.0
7	0.0
8	0.0
9	0.0
10++	0.0
>>END_MODULE
>>Overrepresented sequences	pass
>>END_MODULE
>>Kmer Content	warn
#Sequence	Count	Obs/Exp Overall	Obs/Exp Max	Max Obs/Exp Position
GCAGC	745	3.5297954	7.9629498	5
AGCAG	945	3.354189	7.4566956	7
CACCA	930	3.1570673	5.7053413	3
TCTTC	1590	3.1505034	5.8277593	2
TTCTT	2270	3.1005893	5.1651344	1
TCTTG	1510	3.0594063	5.959077	6
CTTCT	1520	3.011802	5.8277593	6
CAGCA	865	3.0025785	7.2923746	6
CTTGG	985	2.9603174	7.5765934	1
ACCAG	835	2.8984427	5.8338995	7
CTTCA	1330	2.8639228	7.238029	3
CCTTG	915	2.6893406	6.1746936	3
CACCG	575	2.6643038	7.7874737	3
GCTTC	905	2.6599488	7.409632	8
TGGAG	780	2.6049588	5.612895	8
GCACC	560	2.5948002	7.7874737	5
ACCAA	1005	2.5558145	5.342616	8
CTTGA	1150	2.532123	5.5508432	7
CCACC	555	2.5149627	9.519832	2
TGGAA	1025	2.507928	6.168267	6
TGGCA	725	2.367919	6.8615074	4
TTCAA	1455	2.3471184	5.4222894	4
GTTGG	760	2.3355708	5.164879	7
ACCAC	685	2.3253667	9.984347	1
TCTGG	770	2.3141568	6.313828	2
CCTTC	800	2.2995207	6.038625	2
CAGCG	475	2.2505407	5.9722123	9
TTCAG	1005	2.2128556	6.4759836	9
CTGGA	670	2.1882837	5.489206	3
ACCGT	670	2.1400619	8.052365	4
TTGGT	1030	2.133904	5.222874	2
TCACC	660	2.0616648	9.187405	9
GGAAG	565	2.0506024	7.624717	1
CTGGG	450	2.0061176	5.619347	7
GGCAA	565	2.0054142	6.6781535	85
CCAAC	565	1.9180033	7.131676	9
GAAGA	720	1.9144787	5.002865	85
GCGGC	290	1.8754536	5.434493	4
TTGGC	620	1.8633472	5.0510626	2
CTGGC	415	1.8093166	5.495516	3
AGCAC	520	1.8050184	8.163738	85
CAGCT	560	1.7887082	5.3682427	7
TCTCT	900	1.7833039	6.5241156	85
AAAGC	675	1.7552718	5.4630017	4
GCTGG	390	1.7386353	7.4924626	1
GTGGT	565	1.7363126	5.164879	4
GCCTT	580	1.7047185	6.174693	2
GGCTT	560	1.6830232	5.0510626	1
AGTGG	485	1.61975	7.016119	7
GTCAA	670	1.6032035	5.02695	9
TGTGG	520	1.5980221	5.164879	3
GATGG	470	1.5696547	5.612895	4
ACAAC	615	1.5640057	7.4796624	9
CCATC	495	1.5462484	5.249945	9
GACAG	430	1.5262446	5.9653563	4
GAAGC	430	1.5262444	5.965356	6
AAGTC	630	1.5074899	5.02695	2
TGGGT	485	1.4904631	6.4560986	8
CACCC	325	1.4727259	6.3944106	85
TGGCC	335	1.4605328	7.3273544	6
TGGTC	475	1.4275644	5.0510626	3
CATCT	650	1.3996617	5.0643115	85
GTAGA	555	1.3579513	5.1402225	1
TGACC	425	1.3575017	5.3682427	8
GAAAA	690	1.3441634	5.4978766	85
AGCCT	415	1.3255607	5.3682437	1
GGCAT	400	1.3064381	5.489206	7
GGTCA	400	1.3064381	5.489206	4
GGTCT	430	1.2923214	6.3138285	7
AGAGG	355	1.2884316	6.099774	2
ACTGG	390	1.2737772	6.145109	85
GTAAC	530	1.2682055	5.0269494	4
GCCAT	390	1.2457075	5.3682427	9
CCATG	385	1.2297369	6.710304	3
GGTGA	365	1.2189871	5.612895	2
GGCAC	255	1.208185	5.9722123	5
AAGAG	450	1.196549	5.0028644	85
AAAAC	620	1.1811833	5.6033063	8
GACGG	240	1.1627382	6.1067853	1
CCACA	340	1.1541966	8.558012	7
GGCCT	260	1.1335479	5.495516	8
AACAC	430	1.0935324	5.342616	3
AAGCC	290	1.0066448	5.8338995	7
CTAGC	300	0.95823663	5.3682437	4
GCTGC	195	0.85016084	5.495516	2
CCGTA	265	0.84644234	5.3682437	5
TGCAG	230	0.7512019	5.4892063	8
CCCCA	155	0.702377	5.7118998	4
GGGGT	150	0.68377393	5.7459683	5
GCCTC	160	0.6821959	5.374413	9
CCGGA	125	0.5922476	6.6858296	85
GATCG	175	0.5715667	6.145109	85
CGCCC	85	0.52574176	5.197617	4
TCCCC	115	0.47952318	5.25598	3
GCCCC	75	0.4638898	5.197617	8
GCCGG	55	0.35568947	5.4344926	8
GGGGG	45	0.30428153	5.682164	3
>>END_MODULE
