##FastQC	0.10.1
>>Basic Statistics	pass
#Measure	Value	
Filename	Trimmed_Partial_SRR2467142.fastq	
File type	Conventional base calls	
Encoding	Sanger / Illumina 1.9	
Total Sequences	4852	
Filtered Sequences	0	
Sequence length	60-89	
%GC	41	
>>END_MODULE
>>Per base sequence quality	pass
#Base	Mean	Median	Lower Quartile	Upper Quartile	10th Percentile	90th Percentile
1	37.10243198680956	39.0	37.0	39.0	33.0	39.0
2	39.32254740313273	41.0	39.0	41.0	36.0	41.0
3	39.34460016488046	41.0	39.0	41.0	36.0	41.0
4	39.36500412201154	41.0	39.0	41.0	36.0	41.0
5	39.1883759274526	41.0	39.0	41.0	36.0	41.0
6	39.091508656224235	40.0	38.0	41.0	36.0	41.0
7	39.47011541632317	41.0	39.0	41.0	37.0	41.0
8	39.4866034624897	41.0	39.0	41.0	37.0	41.0
9	39.226710634789775	41.0	39.0	41.0	36.0	41.0
10-14	39.459604286892	41.0	39.0	41.0	36.6	41.0
15-19	38.9310387469085	40.0	38.4	41.0	35.0	41.0
20-24	39.09113767518549	40.0	38.6	41.0	35.6	41.0
25-29	38.86426215993405	40.0	38.0	41.0	34.8	41.0
30-34	38.71372629843363	40.0	38.0	41.0	34.6	41.0
35-39	38.920197856554	40.0	38.2	41.0	35.0	41.0
40-44	38.540519373454245	40.0	37.6	41.0	34.2	41.0
45-49	38.1820692497939	39.8	37.0	41.0	34.0	41.0
50-54	37.48553173948888	38.8	36.0	40.6	32.8	41.0
55-59	36.47683429513603	37.2	35.0	39.4	31.4	41.0
60-64	34.847083191880316	35.4	33.6	37.8	30.2	39.2
65-69	34.30090270195604	34.8	33.6	36.2	30.2	38.4
70-74	33.785032102255094	35.0	33.4	35.6	29.4	36.8
75-79	33.68961960006099	35.0	34.0	35.0	30.0	36.0
80-84	33.53389213493466	35.0	33.8	35.0	29.8	35.8
85-89	32.97252309549369	34.4	32.6	34.8	29.0	35.0
>>END_MODULE
>>Per sequence quality scores	pass
#Quality	Count
24	1.0
25	2.0
26	8.0
27	18.0
28	32.0
29	51.0
30	76.0
31	100.0
32	128.0
33	180.0
34	210.0
35	333.0
36	507.0
37	1042.0
38	1595.0
39	554.0
40	15.0
>>END_MODULE
>>Per base sequence content	warn
#Base	G	A	T	C
1	20.424567188788128	26.42209398186315	32.2959604286892	20.85737840065952
2	20.05358615004122	28.565539983511957	32.46084089035449	18.920032976092333
3	19.24979389942292	27.823577906018137	32.27535037098104	20.651277823577907
4	20.44517724649629	27.019785655399836	30.853256389117888	21.681780708985983
5	21.207749381698267	28.895300906842543	29.925803792250615	19.971145919208574
6	19.579554822753504	28.441879637262986	30.60593569661995	21.372629843363562
7	19.806265457543283	29.41055234954658	29.86397361912613	20.919208573784008
8	20.69249793899423	28.874690849134378	30.6883759274526	19.744435284418795
9	19.66199505358615	28.40065952184666	31.2242374278648	20.71310799670239
10-14	20.66861783255699	28.113277546477594	31.048270744878188	20.169833876087225
15-19	20.239076669414676	27.910140148392415	31.31904369332234	20.531739488870567
20-24	20.36357640463333	28.170988086895587	30.8421616719568	20.623273836514283
25-29	20.6760098928277	27.996702390766693	30.69249793899423	20.634789777411378
30-34	20.488086404485117	28.106191771786627	30.583724956715308	20.821996867012942
35-39	19.814509480626548	28.56141797197032	30.795548227535036	20.828524319868098
40-44	20.10717230008244	27.9843363561418	30.83264633140973	21.075845012366035
45-49	20.222588623248143	27.97609233305853	30.585325638911787	21.215993404781532
50-54	20.564715581203625	27.63396537510305	31.31904369332234	20.482275350370983
55-59	20.486397361912616	28.46661170651278	30.63891178895301	20.4080791426216
60-64	20.54873765546878	27.965786537746375	30.205363414734926	21.280112392049915
65-69	20.54823010690071	27.97720560708789	30.797387795848756	20.677176490162637
70-74	20.555391681766466	28.33003244701024	30.542328599721884	20.57224727150141
75-79	19.904628092136075	28.305019798186233	30.612679354536553	21.177672755141142
80-84	20.445152402273116	27.815567418632686	30.57516790080937	21.164112278284826
85-89	21.620304748405385	28.215804394046774	29.907866761162293	20.25602409638554
>>END_MODULE
>>Per base GC content	pass
#Base	%GC
1	41.28194558944765
2	38.97361912613355
3	39.901071723000825
4	42.126957955482276
5	41.178895300906845
6	40.95218466611706
7	40.72547403132729
8	40.43693322341302
9	40.375103050288544
10-14	40.838451708644214
15-19	40.77081615828524
20-24	40.986850241147614
25-29	41.31079967023908
30-34	41.31008327149806
35-39	40.64303380049464
40-44	41.18301731244847
45-49	41.43858202802968
50-54	41.046990931574605
55-59	40.89447650453421
60-64	41.82885004751869
65-69	41.225406597063355
70-74	41.127638953267876
75-79	41.08230084727722
80-84	41.60926468055794
85-89	41.876328844790926
>>END_MODULE
>>Per sequence GC content	pass
#GC Content	Count
0	0.0
1	0.0
2	0.0
3	0.0
4	0.0
5	0.0
6	0.0
7	0.0
8	0.0
9	0.0
10	0.0
11	0.0
12	0.5
13	0.5
14	0.0
15	0.0
16	0.5
17	2.0
18	3.0
19	1.5
20	1.5
21	3.5
22	5.0
23	7.0
24	10.0
25	15.5
26	27.0
27	36.5
28	39.5
29	50.0
30	72.5
31	98.5
32	122.5
33	138.5
34	159.5
35	202.0
36	231.0
37	254.5
38	291.0
39	310.5
40	331.0
41	359.0
42	363.5
43	355.0
44	328.5
45	308.0
46	291.5
47	267.0
48	230.0
49	174.0
50	124.0
51	82.0
52	60.5
53	47.0
54	30.5
55	22.5
56	22.5
57	13.0
58	5.5
59	5.0
60	3.5
61	2.5
62	1.0
63	0.5
64	1.0
65	0.5
66	0.0
67	0.0
68	0.0
69	0.0
70	0.0
71	0.0
72	0.0
73	0.0
74	0.0
75	0.0
76	0.0
77	0.0
78	0.0
79	0.0
80	0.0
81	0.0
82	0.0
83	0.0
84	0.0
85	0.0
86	0.0
87	0.0
88	0.0
89	0.0
90	0.0
91	0.0
92	0.0
93	0.0
94	0.0
95	0.0
96	0.0
97	0.0
98	0.0
99	0.0
100	0.0
>>END_MODULE
>>Per base N content	pass
#Base	N-Count
1	0.0
2	0.0
3	0.0
4	0.0
5	0.0
6	0.0
7	0.0
8	0.0
9	0.0
10-14	0.004122011541632317
15-19	0.0
20-24	0.004122011541632317
25-29	0.0
30-34	0.008244023083264634
35-39	0.0
40-44	0.0
45-49	0.0
50-54	0.0
55-59	0.0
60-64	0.0
65-69	0.0
70-74	0.0
75-79	0.0
80-84	0.0
85-89	0.0
>>END_MODULE
>>Sequence Length Distribution	warn
#Length	Count
60	8.0
61	3.0
62	7.0
63	4.0
64	7.0
65	4.0
66	10.0
67	10.0
68	8.0
69	12.0
70	13.0
71	24.0
72	18.0
73	4.0
74	5.0
75	7.0
76	11.0
77	7.0
78	13.0
79	15.0
80	6.0
81	9.0
82	9.0
83	13.0
84	20.0
85	28.0
86	33.0
87	32.0
88	174.0
89	4338.0
>>END_MODULE
>>Sequence Duplication Levels	pass
#Total Duplicate Percentage	4.884583676834295
#Duplication Level	Relative count
1	100.0
2	2.0151679306608883
3	0.36836403033586135
4	0.0
5	0.0
6	0.0
7	0.0
8	0.0
9	0.0
10++	0.0
>>END_MODULE
>>Overrepresented sequences	pass
>>END_MODULE
>>Kmer Content	warn
#Sequence	Count	Obs/Exp Overall	Obs/Exp Max	Max Obs/Exp Position
CACCA	955	3.2800896	8.659989	1
CAGCA	910	3.1858227	5.8846946	7
CTTGG	1050	3.1485112	9.811897	85
TCTTC	1495	2.9378574	5.7805786	3
GCAGC	605	2.906586	10.094424	6
TCTTG	1440	2.8843627	6.7338142	3
ACCAG	820	2.8707414	7.3558683	2
AGCAG	760	2.712012	5.9982114	4
CCACC	580	2.682008	5.829578	3
TTGGA	1190	2.650411	5.6156654	9
CAAAG	990	2.5743382	5.4636664	9
TCAGC	775	2.4871435	5.394397	6
ACCAA	940	2.3980622	6.432319	2
CACCG	500	2.356676	6.609828	85
CTTGA	1075	2.3489666	5.5093884	3
GTTGG	765	2.3381653	5.1375675	1
CAGCG	465	2.2339876	6.0566545	7
AGCAA	850	2.2102907	5.463667	4
TCTGG	670	2.0090501	5.0403385	2
AACCA	785	2.002637	5.3602657	5
ACCGG	415	1.9937738	8.075539	7
GGCAG	405	1.9832644	6.1734877	7
TCCAA	845	1.9760972	5.896395	3
CCAAA	765	1.9516144	5.3602657	3
CCAAC	560	1.9234031	7.2166567	3
GCAAT	795	1.895032	5.008448	9
GGCAA	530	1.8912715	5.998211	1
ACACC	550	1.8890567	6.422162	85
TTGGC	625	1.8741139	5.0403385	2
AAACC	720	1.8368137	6.432319	5
GAAAC	705	1.833241	6.5564003	4
TGGTC	600	1.7991493	6.3004236	4
ACCGT	560	1.7971619	5.3943973	7
AAGAA	925	1.7865796	5.6814923	5
ACTTG	805	1.7589936	7.1499896	85
TTCTG	875	1.7526509	5.05036	1
AGCGG	355	1.7384171	6.8672976	85
GACCA	495	1.7329475	7.3558683	1
TTACC	800	1.7149856	5.4051223	8
TGACC	520	1.668793	8.091596	5
TAGCA	700	1.6685815	5.0084476	4
TCAAC	705	1.6486963	5.8963947	3
TTGGG	535	1.6351875	5.1375675	3
CTGGG	360	1.6160215	7.545506	3
TGGGT	525	1.6046232	7.7063513	4
GCTGG	355	1.5935767	5.6591296	5
CAAGT	665	1.5851524	5.0084476	8
GTTTC	790	1.5823933	5.05036	1
TTGAC	720	1.5732613	7.345851	4
GTTCA	710	1.5514106	5.5093884	1
AGTGG	465	1.5504143	5.6045218	5
TGTTC	770	1.5423326	5.05036	5
GTGGT	500	1.5282127	5.1375675	1
GTTCT	755	1.5122873	5.05036	2
GGTCT	495	1.4842982	5.0403385	5
GCGGC	220	1.4504342	5.541012	3
AGCCA	410	1.4353707	6.5460477	85
GTACC	445	1.4281017	5.394397	9
GTAGC	420	1.373872	5.4984555	9
GGAGG	270	1.3476813	8.3901005	5
CCAGA	380	1.3303434	5.884694	6
TTGTC	660	1.3219994	5.05036	8
GTCCA	410	1.3157791	5.394397	1
TGTCA	595	1.3001257	5.5093884	9
CAACG	365	1.2778298	5.884694	4
CGGAA	345	1.2311108	5.004242	85
TGACG	375	1.2266715	5.4984555	5
CCGGT	275	1.2110983	7.4027057	8
GGGCA	245	1.1997526	8.231317	6
AACCG	340	1.1903073	10.298215	6
CAGAG	320	1.1418998	5.9982114	7
ACGAC	325	1.1377938	5.8846946	6
AACGG	310	1.1062154	5.0042415	85
CCGGC	170	1.099579	8.154222	2
CGACG	225	1.0809617	8.075539	7
GGACC	220	1.0569403	6.3788867	80-84
ACGGC	220	1.0569403	8.075539	6
CGGCC	160	1.0348979	9.070637	85
GACGG	210	1.0283594	6.173488	8
CCACT	325	1.0232569	5.2923074	9
AGCGA	285	1.0170045	5.9982114	8
TCGGA	300	0.9813372	6.1164017	85
GGCGT	215	0.9651238	5.659129	6
ATCGG	295	0.9649815	6.116401	85
GCGAC	200	0.9608548	8.075539	9
GACCG	190	0.9128121	6.7373333	85
GGGTT	290	0.88636345	5.137568	5
TCAGG	270	0.88320345	5.4984555	4
CCCAC	185	0.85546803	5.829577	4
CGTCC	185	0.79931986	6.0591145	85
AATGC	325	0.7746986	5.008448	9
AGGGC	150	0.73454237	6.1734877	5
GGTGC	130	0.5835632	5.659129	2
GCGGG	70	0.47040427	5.647899	5
GCTCG	80	0.35231954	6.1759963	85
>>END_MODULE
