##FastQC	0.10.1
>>Basic Statistics	pass
#Measure	Value	
Filename	Trimmed_Partial_SRR2467148.fastq	
File type	Conventional base calls	
Encoding	Sanger / Illumina 1.9	
Total Sequences	4847	
Filtered Sequences	0	
Sequence length	60-89	
%GC	41	
>>END_MODULE
>>Per base sequence quality	pass
#Base	Mean	Median	Lower Quartile	Upper Quartile	10th Percentile	90th Percentile
1	37.173715700433256	39.0	37.0	39.0	33.0	39.0
2	39.32514957705797	41.0	39.0	41.0	36.0	41.0
3	39.34392407674851	41.0	39.0	41.0	36.0	41.0
4	39.420053641427685	41.0	39.0	41.0	37.0	41.0
5	39.291314214978335	41.0	39.0	41.0	36.0	41.0
6	39.0033010109346	40.0	38.0	41.0	35.0	41.0
7	39.43820920156798	41.0	39.0	41.0	36.0	41.0
8	39.546729936042915	41.0	39.0	41.0	37.0	41.0
9	39.184650299154114	41.0	39.0	41.0	36.0	41.0
10-14	39.49560552919332	41.0	39.0	41.0	36.8	41.0
15-19	38.99665772642872	40.0	38.6	41.0	35.4	41.0
20-24	39.09630699401691	40.2	38.4	41.0	35.4	41.0
25-29	38.891479265525064	40.0	38.0	41.0	34.8	41.0
30-34	38.74338766247163	40.0	38.0	41.0	34.6	41.0
35-39	38.904848359810195	40.0	38.2	41.0	34.8	41.0
40-44	38.531586548380446	40.0	37.8	41.0	34.2	41.0
45-49	38.178419641015054	39.8	37.0	41.0	33.8	41.0
50-54	37.480916030534345	38.8	35.8	40.6	32.8	41.0
55-59	36.442583041056324	37.2	35.0	39.4	31.4	41.0
60-64	34.8222967604691	35.2	33.8	37.8	30.0	39.2
65-69	34.371684445925226	34.8	33.6	36.4	30.0	38.8
70-74	33.79249830985305	35.0	33.6	35.6	29.4	36.8
75-79	33.66644130159066	35.0	34.0	35.0	30.0	36.0
80-84	33.48444927855797	35.0	33.6	35.0	29.6	35.6
85-89	32.986375348059696	34.4	32.6	34.8	29.0	35.0
>>END_MODULE
>>Per sequence quality scores	pass
#Quality	Count
26	4.0
27	14.0
28	27.0
29	52.0
30	79.0
31	107.0
32	138.0
33	177.0
34	229.0
35	325.0
36	499.0
37	1005.0
38	1604.0
39	565.0
40	22.0
>>END_MODULE
>>Per base sequence content	warn
#Base	G	A	T	C
1	19.785434289251082	28.30616876418403	31.957912110583862	19.95048483598102
2	19.455333195791212	27.666597895605527	32.6593769341861	20.218691974417165
3	19.620383742521145	27.68722921394677	31.545285743759027	21.147101299773055
4	20.98205075304312	28.49185062925521	30.328037961625746	20.198060656075924
5	20.07427274602847	27.790385805652985	32.226119249020016	19.909222199298533
6	19.579121105838663	27.19207757375696	32.34990715906746	20.87889416133691
7	20.755106251289458	28.842583041056326	30.36930059830823	20.033010109345987
8	22.467505673612546	27.85227976067671	30.183618733237054	19.496595832473695
9	19.66164637920363	27.85227976067671	31.648442335465237	20.837631524654427
10-14	20.70644548980771	28.29083106379467	30.65527770900388	20.347445737393745
15-19	19.69465648854962	28.33917887353002	31.310088714668865	20.656075923251496
20-24	20.409342246430633	28.274325328051496	30.680036312618636	20.63629611289923
25-29	20.226944501753664	28.112234371776356	31.206932122962655	20.453889003507324
30-34	20.146913172664245	27.756685374711125	31.313965004952127	20.7824364476725
35-39	20.20218691974417	27.856406024344952	31.00061893955024	20.940788116360633
40-44	20.64369713224675	27.50567361254384	31.161543222611925	20.689086032597483
45-49	20.222818238085413	28.058592944089128	30.468330926346194	21.250257891479265
50-54	20.140292964720448	28.632143593975655	30.476583453682693	20.75097998762121
55-59	20.470394058180318	28.376315246544255	30.493088508355683	20.660202186919744
60-64	19.76407284768212	27.992549668874172	31.121688741721854	21.121688741721854
65-69	20.573982788871252	28.28139360013368	30.52051132091236	20.624112290082714
70-74	20.244254092104146	28.220676787380206	30.620812484098042	20.91425663641761
75-79	20.399502764799177	28.02949119122123	30.66998156800549	20.901024475974108
80-84	20.05973767369378	28.548547681918528	30.764901952296437	20.62681269209125
85-89	20.579322638146166	28.342245989304814	30.008912655971482	21.06951871657754
>>END_MODULE
>>Per base GC content	pass
#Base	%GC
1	39.7359191252321
2	39.674025170208374
3	40.767485042294204
4	41.18011140911904
5	39.98349494532701
6	40.458015267175576
7	40.78811636063545
8	41.96410150608624
9	40.49927790385806
10-14	41.05389122720145
15-19	40.35073241180112
20-24	41.045638359329864
25-29	40.680833505260985
30-34	40.929349620336744
35-39	41.14297503610481
40-44	41.33278316484423
45-49	41.47307612956468
50-54	40.89127295234166
55-59	41.13059624510006
60-64	40.88576158940398
65-69	41.19809507895397
70-74	41.158510728521755
75-79	41.30052724077329
80-84	40.68655036578503
85-89	41.64884135472371
>>END_MODULE
>>Per sequence GC content	pass
#GC Content	Count
0	0.0
1	0.0
2	0.0
3	0.0
4	0.0
5	0.0
6	0.0
7	0.0
8	0.0
9	0.0
10	0.0
11	0.0
12	0.0
13	0.0
14	0.0
15	1.5
16	2.0
17	1.5
18	2.0
19	1.0
20	1.5
21	2.5
22	5.5
23	8.5
24	9.0
25	9.5
26	23.0
27	35.5
28	38.5
29	48.0
30	73.0
31	104.0
32	111.0
33	133.0
34	176.5
35	214.5
36	233.0
37	247.5
38	275.5
39	314.5
40	361.0
41	373.5
42	375.0
43	376.5
44	341.0
45	314.0
46	291.0
47	240.5
48	216.0
49	181.0
50	119.5
51	74.5
52	51.5
53	40.0
54	28.5
55	23.0
56	14.5
57	9.5
58	8.0
59	4.0
60	1.5
61	0.5
62	1.0
63	0.5
64	0.0
65	0.0
66	0.0
67	0.0
68	0.0
69	0.0
70	0.0
71	0.0
72	0.0
73	0.0
74	0.0
75	0.0
76	0.0
77	0.0
78	0.0
79	0.0
80	0.0
81	0.0
82	0.0
83	0.0
84	0.0
85	0.0
86	0.0
87	0.0
88	0.0
89	0.0
90	0.0
91	0.0
92	0.0
93	0.0
94	0.0
95	0.0
96	0.0
97	0.0
98	0.0
99	0.0
100	0.0
>>END_MODULE
>>Per base N content	pass
#Base	N-Count
1	0.0
2	0.0
3	0.0
4	0.0
5	0.0
6	0.0
7	0.0
8	0.0
9	0.0
10-14	0.004126263668248401
15-19	0.0
20-24	0.004126263668248401
25-29	0.0
30-34	0.012378791004745204
35-39	0.0
40-44	0.0
45-49	0.0
50-54	0.0
55-59	0.0
60-64	0.0
65-69	0.0
70-74	0.0
75-79	0.0
80-84	0.0
85-89	0.0
>>END_MODULE
>>Sequence Length Distribution	warn
#Length	Count
60	7.0
61	6.0
62	10.0
63	9.0
64	5.0
65	9.0
66	9.0
67	17.0
68	15.0
69	15.0
70	16.0
71	16.0
72	12.0
73	7.0
74	8.0
75	11.0
76	12.0
77	6.0
78	9.0
79	11.0
80	4.0
81	10.0
82	8.0
83	22.0
84	15.0
85	32.0
86	36.0
87	32.0
88	150.0
89	4328.0
>>END_MODULE
>>Sequence Duplication Levels	pass
#Total Duplicate Percentage	4.456364761708273
#Duplication Level	Relative count
1	100.0
2	2.0082055711509392
3	0.21593608291945585
4	0.0
5	0.0
6	0.0
7	0.0
8	0.0
9	0.0
10++	0.0
>>END_MODULE
>>Overrepresented sequences	pass
>>END_MODULE
>>Kmer Content	warn
#Sequence	Count	Obs/Exp Overall	Obs/Exp Max	Max Obs/Exp Position
CACCA	905	3.1484659	5.856227	7
CTTGG	1040	3.0872607	8.744711	2
GCAGC	615	3.0483932	6.2578425	3
AGCAG	815	3.0421941	7.854287	1
ACCAG	820	2.9549742	7.5825853	7
CCTTG	1015	2.908818	5.336268	85
CAGCA	805	2.90092	6.066068	4
CTTCA	1235	2.5731282	7.891225	1
TGGAG	730	2.5170794	5.8041887	8
TCTTG	1305	2.5115957	5.6695	4
TGGAA	965	2.4190526	5.274672	3
TGGCA	725	2.4133627	7.0042567	9
ACCAC	685	2.3830929	5.8562264	6
ACCAA	885	2.3186064	5.5126605	8
TTGGC	765	2.2709177	8.744711	8
TTTGG	1135	2.2626877	5.8726516	7
CAATG	930	2.2506683	6.110648	7
GGTGG	470	2.2290924	7.983579	2
GGAAG	575	2.2232416	7.8835177	80-84
TCTGG	740	2.1967049	6.246222	5
CACCG	450	2.1533716	8.910326	85
TTGGT	1060	2.1131706	5.872651	1
TGGTG	675	2.0755498	5.17603	2
AAGCA	755	2.0488975	5.710192	6
CCAAG	565	2.0360494	5.032552	85
TCACC	645	2.0010848	5.222437	2
GAAGA	685	1.9255431	7.851291	85
CCAAA	715	1.8732244	6.6151924	9
GATGG	540	1.8619493	8.706284	8
ACCCA	535	1.8612478	7.3202834	9
GGCAG	360	1.8483657	6.482076	6
CGGAA	475	1.7730578	6.9505057	85
TTGGG	565	1.7373123	5.176031	2
GTGGT	560	1.7219377	6.470038	4
AGCGG	335	1.7200068	6.4820757	4
GCAAT	710	1.7182522	6.110648	6
CTGGC	385	1.7018137	5.580589	5
CAGCG	335	1.6605068	8.34379	9
CTTCC	600	1.6600162	5.8215485	8
CCAGT	515	1.6550169	5.4095693	8
CCAGA	445	1.6036142	6.0660686	8
CTTTG	825	1.5877904	5.6695	7
GAGCA	420	1.5677564	6.9505057	85
GCTTG	520	1.5436304	6.246222	6
TGGGA	445	1.5343839	5.8041883	1
TGGTA	670	1.4977802	5.644585	2
TGACC	465	1.4943355	5.4095683	1
TGTGG	485	1.491321	5.17603	5
CAGAT	610	1.4762448	5.6328177	85
TGGTC	465	1.3803617	6.246222	9
GCAAC	380	1.3693783	6.066068	3
CCTGG	305	1.3481901	5.580589	7
GACAG	360	1.3437912	5.2128797	85
CAGTA	555	1.3431407	5.0922065	8
CTCTG	460	1.3182822	6.0301485	6
AGCGT	395	1.3148667	7.004257	7
TTGAG	585	1.3077636	5.6445866	8
GCGGC	190	1.295405	8.6075735	5
GAGCC	260	1.2887516	6.2578425	3
GGATG	365	1.2585399	7.255237	6
GGAGA	325	1.2566148	6.50858	1
CTGGT	420	1.2467784	6.2462225	8
AGATC	510	1.2342374	5.6328177	85
CAATC	520	1.2149054	5.899264	7
CGTCA	375	1.2051092	5.4095683	4
CCCAG	250	1.1963177	6.041367	7
AGTAA	655	1.1937221	5.368679	9
GGCCT	270	1.1934798	6.173048	85
CTGGG	255	1.1675645	5.780554	8
GTCAG	345	1.1484278	5.603406	6
GGCGG	160	1.1299558	5.944002	4
GGCGA	215	1.103885	6.482076	7
CAAGG	295	1.1011622	5.212879	85
GTCAC	340	1.0926325	5.409569	5
AGAGC	290	1.0824986	6.9505067	85
ATGGG	305	1.0516566	5.804189	5
GATCA	400	0.9680294	5.0922065	1
CCGGA	195	0.9665639	6.922203	85
AACGT	370	0.89542717	5.0922065	8
GATCG	265	0.88212574	7.74786	85
GCCAC	180	0.86134857	6.0413666	1
CTGCC	200	0.85347694	5.3875403	6
GACCC	170	0.8134959	6.0413666	8
GCACA	210	0.75676167	5.032552	85
CGGCG	110	0.74997133	5.738382	2
CGGTC	165	0.72934866	5.5805883	3
GCCTC	170	0.72545534	5.38754	8
GGGTT	225	0.69185	5.176031	3
AGTCG	205	0.68239915	7.74786	85
CCGGT	145	0.6409428	5.580589	2
GCCGG	85	0.57952327	5.738382	1
GCGTG	120	0.5494421	5.7805533	8
CTCCC	110	0.45317408	5.2011704	4
>>END_MODULE
