##FastQC	0.10.1
>>Basic Statistics	pass
#Measure	Value	
Filename	Trimmed_Partial_SRR2467143.fastq	
File type	Conventional base calls	
Encoding	Sanger / Illumina 1.9	
Total Sequences	4842	
Filtered Sequences	0	
Sequence length	60-89	
%GC	41	
>>END_MODULE
>>Per base sequence quality	pass
#Base	Mean	Median	Lower Quartile	Upper Quartile	10th Percentile	90th Percentile
1	37.05576208178439	39.0	37.0	39.0	33.0	39.0
2	39.26621230896324	40.0	39.0	41.0	36.0	41.0
3	39.24122263527468	41.0	39.0	41.0	36.0	41.0
4	39.32672449401074	41.0	39.0	41.0	36.0	41.0
5	39.15634035522511	41.0	39.0	41.0	36.0	41.0
6	38.938868236266	40.0	38.0	41.0	35.0	41.0
7	39.37670384138786	41.0	39.0	41.0	36.0	41.0
8	39.51073936389921	41.0	39.0	41.0	37.0	41.0
9	39.22242874845105	41.0	39.0	41.0	36.0	41.0
10-14	39.41218504750103	40.8	39.0	41.0	36.4	41.0
15-19	38.86199917389508	40.0	38.4	41.0	35.2	41.0
20-24	39.03329202808757	40.0	38.4	41.0	35.4	41.0
25-29	38.83626600578273	40.0	38.0	41.0	34.8	41.0
30-34	38.63374638579099	40.0	38.0	41.0	34.6	41.0
35-39	38.85150764147047	40.0	38.0	41.0	34.8	41.0
40-44	38.44180090871541	40.0	37.6	41.0	34.2	41.0
45-49	38.09033457249071	39.6	37.0	41.0	33.8	41.0
50-54	37.387195373812474	38.8	35.6	40.6	32.8	41.0
55-59	36.3	37.0	35.0	39.4	31.2	41.0
60-64	34.784739323783995	35.2	33.6	37.8	30.0	39.2
65-69	34.25420212255868	34.8	33.4	36.4	30.0	38.8
70-74	33.760552830560314	35.0	33.4	35.6	29.6	36.8
75-79	33.678775255307514	35.0	34.0	35.0	29.8	36.0
80-84	33.51117452714659	35.0	33.6	35.0	29.6	35.8
85-89	32.976222675825376	34.4	32.8	34.8	29.0	35.0
>>END_MODULE
>>Per sequence quality scores	pass
#Quality	Count
24	1.0
25	1.0
26	4.0
27	13.0
28	41.0
29	56.0
30	87.0
31	114.0
32	114.0
33	178.0
34	235.0
35	356.0
36	505.0
37	1061.0
38	1534.0
39	535.0
40	7.0
>>END_MODULE
>>Per base sequence content	warn
#Base	G	A	T	C
1	20.01239157372986	27.05493597686906	32.548533663775295	20.384138785625776
2	19.227591904171828	27.81908302354399	33.00289136720364	19.950433705080545
3	19.888475836431226	27.364725320115657	31.928954977282114	20.817843866171003
4	21.27220156959934	28.08756712102437	31.020239570425446	19.619991738950844
5	20.962412226352747	27.839735646427094	31.288723667905828	19.90912845931433
6	19.991738950846756	27.92234613795952	30.978934324659228	21.10698058653449
7	20.941759603469638	29.574555968608014	29.32672449401074	20.156959933911605
8	21.64394878149525	28.1908302354399	30.17348203221809	19.991738950846756
9	19.888475836431226	28.273440726972325	31.04089219330855	20.797191243287898
10-14	20.80218100706349	28.419182948490228	29.980585732578792	20.798050311867488
15-19	20.33457249070632	28.133002891367205	30.69805865344899	20.834365964477488
20-24	20.232145070015285	28.410921558098227	30.542360279234998	20.814573092651493
25-29	20.429574555968607	28.76497315159025	30.313919867823213	20.491532424617926
30-34	20.28668208856576	28.127065432914737	30.66754791804362	20.918704560475877
35-39	20.433705080545227	27.719950433705083	30.57827344072697	21.26807104502272
40-44	20.937629078893018	27.81908302354399	30.74762494836844	20.49566294919455
45-49	20.318050392399833	28.219743907476246	30.6030565881867	20.859149111937217
50-54	20.12391573729864	28.25691862866584	30.53283767038414	21.08632796365138
55-59	19.96282527881041	28.513011152416357	30.557620817843866	20.966542750929367
60-64	20.35548558170368	28.48027842227378	30.792177659927077	20.37205833609546
65-69	20.236256626455734	27.482572943189883	31.21843302583796	21.062737404516422
70-74	20.341418068114596	28.243049099974648	30.791008197414012	20.624524634496748
75-79	20.25516975638995	27.914543819839878	31.035663826690076	20.794622597080103
80-84	20.41930174131508	27.813393398596553	30.520661872996623	21.246642987091743
85-89	21.029699448692867	28.93917837453317	29.21483194024542	20.81629023652854
>>END_MODULE
>>Per base GC content	pass
#Base	%GC
1	40.39653035935564
2	39.17802560925237
3	40.70631970260223
4	40.89219330855018
5	40.87154068566708
6	41.09871953738124
7	41.09871953738124
8	41.63568773234201
9	40.685667079719124
10-14	41.60023131893097
15-19	41.168938455183806
20-24	41.04671816266678
25-29	40.921106980586536
30-34	41.205386649041635
35-39	41.701776125567946
40-44	41.433292028087564
45-49	41.177199504337054
50-54	41.21024370095002
55-59	40.92936802973978
60-64	40.72754391779914
65-69	41.29899403097216
70-74	40.96594270261134
75-79	41.049792353470046
80-84	41.66594472840683
85-89	41.84598968522141
>>END_MODULE
>>Per sequence GC content	pass
#GC Content	Count
0	0.0
1	0.0
2	0.0
3	0.0
4	0.0
5	0.0
6	0.0
7	0.0
8	0.0
9	0.0
10	0.0
11	0.5
12	1.0
13	0.5
14	0.5
15	1.5
16	2.0
17	2.5
18	3.0
19	4.0
20	4.5
21	5.5
22	8.5
23	12.0
24	14.5
25	14.5
26	23.5
27	33.0
28	39.5
29	54.0
30	66.5
31	84.5
32	109.5
33	128.5
34	159.5
35	205.0
36	220.5
37	229.5
38	268.0
39	301.5
40	344.0
41	370.5
42	356.5
43	356.5
44	365.5
45	368.0
46	318.0
47	258.0
48	228.5
49	168.0
50	117.0
51	88.5
52	69.0
53	51.5
54	32.0
55	26.5
56	20.0
57	10.5
58	3.5
59	1.5
60	3.5
61	3.0
62	1.0
63	0.0
64	0.0
65	0.0
66	0.0
67	0.0
68	0.0
69	0.0
70	0.0
71	0.0
72	0.0
73	0.0
74	0.0
75	0.0
76	0.0
77	0.0
78	0.0
79	0.0
80	0.0
81	0.0
82	0.0
83	0.0
84	0.0
85	0.0
86	0.0
87	0.0
88	0.0
89	0.0
90	0.0
91	0.0
92	0.0
93	0.0
94	0.0
95	0.0
96	0.0
97	0.0
98	0.0
99	0.0
100	0.0
>>END_MODULE
>>Per base N content	pass
#Base	N-Count
1	0.0
2	0.0
3	0.0
4	0.0
5	0.0
6	0.0
7	0.0
8	0.0
9	0.0
10-14	0.004130524576621231
15-19	0.0
20-24	0.004130524576621231
25-29	0.0
30-34	0.008261049153242462
35-39	0.0
40-44	0.0
45-49	0.0
50-54	0.0
55-59	0.0
60-64	0.0
65-69	0.0
70-74	0.0
75-79	0.0
80-84	0.0
85-89	0.0
>>END_MODULE
>>Sequence Length Distribution	warn
#Length	Count
60	9.0
61	4.0
62	10.0
63	6.0
64	3.0
65	12.0
66	9.0
67	6.0
68	6.0
69	12.0
70	12.0
71	20.0
72	20.0
73	11.0
74	10.0
75	11.0
76	10.0
77	10.0
78	9.0
79	12.0
80	8.0
81	15.0
82	13.0
83	11.0
84	9.0
85	20.0
86	38.0
87	31.0
88	172.0
89	4323.0
>>END_MODULE
>>Sequence Duplication Levels	pass
#Total Duplicate Percentage	3.8207352333746387
#Duplication Level	Relative count
1	100.0
2	1.7393171569680053
3	0.10736525660296328
4	0.04294610264118531
5	0.0
6	0.0
7	0.0
8	0.0
9	0.0
10++	0.0
>>END_MODULE
>>Overrepresented sequences	pass
>>END_MODULE
>>Kmer Content	warn
#Sequence	Count	Obs/Exp Overall	Obs/Exp Max	Max Obs/Exp Position
GCAGC	720	3.4401302	8.041482	5
TCTTC	1620	3.219946	7.5267897	2
CACCG	670	3.1572785	7.939272	9
CACCA	890	3.065395	5.7968245	7
CTTCT	1535	3.050998	5.5702844	85
TTCTT	2240	3.035538	5.1317315	3
CAGCA	845	2.95092	5.295243	55-59
CTTCA	1340	2.8949885	7.272199	3
AGCAG	805	2.850368	8.948266	9
TGGAG	850	2.8075	6.948715	3
GCACC	550	2.5917957	5.954454	8
TGGCA	785	2.5572085	5.4883156	9
CTTGG	840	2.5174873	6.305096	1
CAAAG	965	2.497415	5.4446144	1
ACCGG	490	2.3411996	6.0311112	7
CCAAA	875	2.2334034	5.3698587	6
GCTTC	750	2.2168941	6.2249565	8
GGCAA	625	2.2130187	6.615423	85
GGCAG	455	2.2042358	6.1150727	2
CTCTT	1100	2.186383	5.01786	6
CCAAC	620	2.135444	5.796825	1
TCAGC	655	2.1044254	6.0026746	85
GATGG	635	2.0973675	5.5647206	9
GGTGG	455	2.0561454	11.408471	4
AAAGC	785	2.031576	5.450245	8
GTTGG	660	2.0055625	6.392872	3
ATGGA	810	1.9554387	5.078821	3
AACCA	765	1.9526327	5.9610357	85
CTGGA	585	1.9056906	8.223969	2
GCCAA	545	1.9032563	5.8836036	8
AGCAA	695	1.7986566	5.450245	9
GGAAG	495	1.777111	5.113842	80-84
AGCTT	800	1.7524126	5.530079	7
AGAAG	665	1.7449757	5.5204115	6
GGCTT	580	1.738265	5.044077	6
TTGGC	575	1.72328	5.044077	1
AAGCA	665	1.7210164	6.533537	4
CCGGC	265	1.7085418	6.022854	85
GGAGA	475	1.7053086	7.5528884	4
GCGGC	255	1.6669562	5.506766	9
GGAGG	335	1.6454918	6.8827944	85
CAGCT	510	1.6385603	5.407368	6
AGCGG	335	1.6228989	6.1213965	8
AGCCT	495	1.5903673	5.407368	5
GAAAG	605	1.5875343	5.5204115	2
TGGGT	520	1.5801401	5.1142974	2
TGGTC	520	1.5584445	5.599388	85
CAGCC	330	1.5550774	5.9483027	6
GAACC	445	1.554035	5.883603	8
GCTTG	515	1.5434594	5.044077	1
GGAGT	460	1.5193529	5.558973	1
TTTCC	755	1.5006537	5.01786	1
GAAGC	420	1.4871485	5.959348	3
TTCCT	745	1.4807776	5.01786	2
CCATG	455	1.4618529	6.7592106	4
GTGGT	480	1.4585909	6.392872	5
GAGCA	405	1.434036	5.959348	3
GCATC	445	1.4297241	5.407368	6
CCTCT	490	1.4284844	5.4466815	85
CTGGG	320	1.4262252	5.625914	4
TAGCA	590	1.4047754	7.0199747	8
GGATG	420	1.3872352	6.170969	85
GGTCA	425	1.3844762	5.488316	9
GCTGG	310	1.3816558	5.6259146	6
CGGTG	300	1.3370861	5.625914	6
GTGGC	300	1.3370861	5.625914	3
GGCAC	275	1.3139386	6.0311117	4
TCAGT	575	1.2595465	5.530079	7
AGATG	520	1.2553434	5.078821	1
GGGTC	275	1.2256624	5.6317325	8
AGCAT	510	1.2142974	5.0090876	5
ACTGG	360	1.1727326	5.4826465	1
GAGAT	485	1.1708492	5.6379576	85
AGAAC	450	1.1645977	5.4446154	7
ATGGG	350	1.1560293	5.5589724	5
GCTGC	255	1.1209186	5.5486693	4
GCGAC	215	1.0272611	6.6950874	85
CGGCG	150	0.9805625	5.5010767	4
AAACG	345	0.8928582	5.4446144	6
GGCGT	185	0.8245365	5.6259146	5
GCCGC	125	0.80591595	8.146735	8
TCGGC	165	0.7253002	5.548669	3
TGCCG	150	0.65936387	5.5486693	7
CCGCC	95	0.6040864	5.351052	1
GGTGC	125	0.55711925	6.245281	85
>>END_MODULE
