##FastQC	0.10.1
>>Basic Statistics	pass
#Measure	Value	
Filename	Trimmed_Partial_SRR2467147.fastq	
File type	Conventional base calls	
Encoding	Sanger / Illumina 1.9	
Total Sequences	4839	
Filtered Sequences	0	
Sequence length	60-89	
%GC	41	
>>END_MODULE
>>Per base sequence quality	pass
#Base	Mean	Median	Lower Quartile	Upper Quartile	10th Percentile	90th Percentile
1	37.09795412275263	39.0	37.0	39.0	33.0	39.0
2	39.317627609010124	41.0	39.0	41.0	36.0	41.0
3	39.2917958255838	41.0	39.0	41.0	36.0	41.0
4	39.34697251498243	41.0	39.0	41.0	36.0	41.0
5	39.257077908658815	41.0	39.0	41.0	36.0	41.0
6	38.97830130192188	40.0	38.0	41.0	35.0	41.0
7	39.47385823517256	41.0	39.0	41.0	36.0	41.0
8	39.53172143004753	41.0	39.0	41.0	37.0	41.0
9	39.20665426741062	41.0	39.0	41.0	36.0	41.0
10-14	39.455961975614805	41.0	39.0	41.0	36.4	41.0
15-19	38.97189501963216	40.0	38.6	41.0	35.2	41.0
20-24	39.052738169043195	40.0	38.6	41.0	35.4	41.0
25-29	38.92709237445753	40.0	38.0	41.0	34.8	41.0
30-34	38.70998140111593	40.0	38.0	41.0	34.6	41.0
35-39	38.90274850175656	40.0	38.0	41.0	35.0	41.0
40-44	38.47716470345112	40.0	37.6	41.0	34.2	41.0
45-49	38.206984914238475	39.8	37.0	41.0	34.0	41.0
50-54	37.470138458359166	38.8	35.6	40.6	32.8	41.0
55-59	36.408886133498655	37.2	35.0	39.4	31.2	41.0
60-64	34.83063551555543	35.2	33.6	37.8	30.0	39.2
65-69	34.30990937829119	34.8	33.6	36.2	30.0	38.4
70-74	33.777038479912235	35.0	33.4	35.6	29.6	36.8
75-79	33.72243775410584	35.0	34.0	35.0	30.0	36.0
80-84	33.50661294451388	35.0	33.6	35.0	30.0	35.4
85-89	33.0240387470838	34.4	32.8	34.8	28.8	35.0
>>END_MODULE
>>Per sequence quality scores	pass
#Quality	Count
25	2.0
26	3.0
27	14.0
28	30.0
29	59.0
30	66.0
31	119.0
32	125.0
33	181.0
34	260.0
35	298.0
36	493.0
37	986.0
38	1610.0
39	579.0
40	14.0
>>END_MODULE
>>Per base sequence content	warn
#Base	G	A	T	C
1	19.363504856375286	26.82372390989874	33.41599504029758	20.396776193428394
2	19.921471378383966	28.04298408762141	32.837363091547836	19.19818144244679
3	19.77681339119653	28.456292622442653	30.274850175656127	21.492043810704693
4	20.148791072535648	28.580285182889025	31.3287869394503	19.942136805125028
5	20.748088448026454	27.237032444719983	31.53544120686092	20.479437900392643
6	20.045463938830338	27.42302128538954	30.87414755114693	21.65736722463319
7	20.934077288696013	27.464352138871668	30.357511882620376	21.244058689811947
8	20.62409588758008	28.084314941103532	31.45277949989667	19.838809671419718
9	19.342839429634225	29.241578838603015	30.936143831370117	20.479437900392643
10-14	20.079358518640987	28.560800198396297	30.83822435314541	20.52161692981731
15-19	20.045463938830338	27.844595990907212	30.812151270923742	21.297788799338708
20-24	20.120691080433165	28.201206910804334	30.68529387451434	20.99280813424816
25-29	20.376110766687333	28.505889646621203	30.270717090307915	20.847282496383553
30-34	20.265355046705793	28.106142018682316	30.82995784078697	20.798545093824917
35-39	20.181855755321347	27.902459185782185	30.795618929530892	21.120066129365572
40-44	20.9630088861335	27.716470345112626	30.66749328373631	20.653027485017567
45-49	20.078528621616037	28.10084728249638	30.609630088861334	21.210994007026247
50-54	19.735482537714404	27.832196734862574	31.113866501343253	21.31845422607977
55-59	20.446373217606943	28.431494110353377	30.564166150030996	20.55796652200868
60-64	20.476585163696644	27.799419809365933	30.82469954413593	20.89929548280149
65-69	20.536609829488466	27.628719491808763	30.696255432965565	21.13841524573721
70-74	20.346228731059	28.299331245238296	30.280199779903494	21.074240243799206
75-79	19.916870206110467	28.508377255002788	30.66803787976175	20.906714659124994
80-84	20.712984647410877	27.86017867985081	30.327868852459016	21.098967820279295
85-89	20.46086254819331	28.6380346095221	30.314713529991934	20.586389312292656
>>END_MODULE
>>Per base GC content	pass
#Base	%GC
1	39.76028104980368
2	39.11965282083075
3	41.26885720190122
4	40.090927877660675
5	41.2275263484191
6	41.70283116346353
7	42.17813597850796
8	40.46290555899979
9	39.822277330026864
10-14	40.60097544845829
15-19	41.34325273816904
20-24	41.113499214681326
25-29	41.22339326307088
30-34	41.06390014053071
35-39	41.30192188468692
40-44	41.61603637115107
45-49	41.28952262864228
50-54	41.05393676379418
55-59	41.004339739615624
60-64	41.37588064649814
65-69	41.675025075225676
70-74	41.4204689748582
75-79	40.82358486523546
80-84	41.81195246769017
85-89	41.047251860485964
>>END_MODULE
>>Per sequence GC content	pass
#GC Content	Count
0	0.0
1	0.0
2	0.0
3	0.0
4	0.0
5	0.0
6	0.0
7	0.0
8	0.0
9	0.0
10	0.0
11	0.0
12	0.0
13	0.0
14	0.0
15	0.5
16	0.5
17	0.5
18	1.0
19	2.0
20	3.5
21	4.0
22	5.0
23	9.5
24	13.0
25	14.5
26	23.5
27	33.0
28	35.0
29	44.5
30	65.5
31	83.5
32	96.5
33	131.0
34	174.0
35	215.0
36	243.5
37	251.5
38	262.0
39	304.5
40	353.5
41	376.0
42	388.0
43	372.5
44	346.5
45	329.5
46	310.0
47	262.0
48	210.0
49	169.5
50	122.0
51	76.5
52	57.0
53	53.0
54	33.0
55	17.5
56	10.5
57	8.0
58	8.5
59	4.5
60	1.5
61	0.5
62	0.0
63	0.0
64	0.0
65	0.0
66	0.0
67	0.0
68	0.0
69	0.0
70	0.0
71	0.0
72	0.0
73	0.0
74	0.0
75	0.0
76	0.0
77	0.0
78	0.0
79	0.0
80	0.0
81	0.0
82	0.0
83	0.0
84	0.0
85	0.0
86	0.0
87	0.0
88	0.0
89	0.0
90	0.0
91	0.0
92	0.0
93	0.0
94	0.0
95	0.0
96	0.0
97	0.0
98	0.0
99	0.0
100	0.0
>>END_MODULE
>>Per base N content	pass
#Base	N-Count
1	0.0
2	0.0
3	0.0
4	0.0
5	0.0
6	0.0
7	0.0
8	0.0
9	0.0
10-14	0.0041330853482124405
15-19	0.0
20-24	0.0041330853482124405
25-29	0.0
30-34	0.0041330853482124405
35-39	0.0
40-44	0.0
45-49	0.0
50-54	0.0
55-59	0.0
60-64	0.0
65-69	0.0
70-74	0.0
75-79	0.0
80-84	0.0
85-89	0.0
>>END_MODULE
>>Sequence Length Distribution	warn
#Length	Count
60	4.0
61	8.0
62	10.0
63	5.0
64	4.0
65	13.0
66	10.0
67	11.0
68	8.0
69	15.0
70	16.0
71	11.0
72	12.0
73	8.0
74	16.0
75	10.0
76	13.0
77	7.0
78	10.0
79	13.0
80	9.0
81	12.0
82	14.0
83	17.0
84	21.0
85	32.0
86	49.0
87	29.0
88	171.0
89	4281.0
>>END_MODULE
>>Sequence Duplication Levels	pass
#Total Duplicate Percentage	4.4430667493283735
#Duplication Level	Relative count
1	100.0
2	2.0544982698961936
3	0.1513840830449827
4	0.02162629757785467
5	0.0
6	0.0
7	0.0
8	0.0
9	0.0
10++	0.0
>>END_MODULE
>>Overrepresented sequences	pass
>>END_MODULE
>>Kmer Content	warn
#Sequence	Count	Obs/Exp Overall	Obs/Exp Max	Max Obs/Exp Position
GCAGC	790	3.7535403	9.973834	5
CAGCA	1015	3.5765078	7.396756	1
CACCA	1010	3.5357904	10.288246	3
CTTGG	1180	3.4860833	7.0469437	85
AGCAG	970	3.440273	5.9560637	4
TCTTC	1615	3.20846	5.0044174	6
TTCTT	2360	3.1941888	5.114101	1
GCACC	645	3.0447085	6.755886	85
TCTTG	1510	3.0194583	5.037111	2
ACCAG	855	3.0127234	5.917405	6
ACCAA	1075	2.809188	5.485554	5
CTTCT	1385	2.7515278	5.8384876	4
TGGAG	830	2.7042358	5.4714775	1
CCACC	555	2.602861	9.844784	2
CACCG	530	2.5018535	5.9454594	3
CAACA	955	2.495604	6.233291	85
TGGCA	760	2.460096	5.4359646	9
TCAGC	755	2.4280486	5.400682	2
AATGG	965	2.3317015	6.086604	8
AGCAC	635	2.2375197	7.396757	8
CTCTT	1105	2.1952622	5.8384876	9
CAGCG	455	2.1618493	7.9790673	2
GATGG	660	2.1503563	5.471478	5
ACCTT	975	2.122323	6.397099	4
CAATG	865	2.0765085	5.0392485	7
CCAGC	430	2.0298057	5.9454594	7
CATCA	850	2.0272558	5.006541	2
CCAAC	575	2.01295	5.878998	2
GTCAA	835	2.0044909	6.047098	2
AGCTT	900	1.9718659	6.271353	85
GGCAG	410	1.9607664	6.0233965	2
TTCTG	975	1.9496506	5.7237215	85
ACCCA	555	1.9429344	5.878998	4
CAGCT	595	1.9134952	6.750852	8
CAGCC	405	1.9117937	9.909099	6
TCACC	585	1.8691248	8.048443	2
TAGCA	775	1.8604556	8.062798	7
TCAAC	770	1.8364551	5.006541	3
TGGGA	560	1.8245445	6.839347	8
GGTGG	410	1.8012383	5.5333314	5
GACAA	680	1.7885836	5.521391	4
TTGGG	600	1.7841648	5.674385	85
AAGCA	670	1.7622808	5.0192103	85
TCTCT	870	1.7283965	5.8384876	8
GGAAG	470	1.6778264	8.515188	85
ATACC	690	1.6456546	6.0078487	7
CACCT	515	1.6454687	6.707035	3
CAACT	685	1.6337296	5.006541	7
CCAGT	505	1.624059	5.4006815	5
ACTTG	715	1.5665379	5.519049	9
CAACG	440	1.5504073	7.396756	4
GAAGC	435	1.5428028	5.075952	85
GGTCA	475	1.53756	5.4359646	1
TGATG	695	1.5326667	5.2602696	85
TGACA	630	1.5123703	5.0392485	3
GCATC	470	1.5115005	5.400682	9
CACCC	320	1.5007486	5.90687	9
GGCTT	480	1.4180677	5.637555	85
GCGGC	220	1.4094756	5.3795137	4
CCTTT	700	1.3906639	5.004418	9
CGTCA	430	1.3828621	5.400682	3
GAGAA	510	1.3502012	5.5574617	7
AGTAG	555	1.3410305	5.0721703	9
GAATC	550	1.3203233	5.0392485	8
TGAGC	405	1.3109722	6.7949557	2
CCATA	545	1.2998286	5.006541	5
TGGGG	295	1.2960129	5.5333314	7
CTTGC	425	1.2474314	6.1613503	9
CAGTA	515	1.2363027	6.047098	8
TGTCT	595	1.1897867	5.0371113	4
ATGGG	365	1.1892122	5.471478	6
GGGTC	265	1.1566585	5.4974174	6
CCATC	360	1.1502306	5.3656282	5
ATCTG	510	1.1173906	6.271352	85
CCCAT	345	1.1023045	6.707036	4
TCGGA	335	1.0843843	6.1769423	85
AGTAA	580	1.0393282	5.266244	9
GGCGT	230	1.0038923	5.4974174	1
TGGGC	215	0.9384211	5.4974174	9
GGGGT	210	0.9225854	5.5333314	8
GATCG	265	0.85779655	7.721177	85
CCCCA	175	0.8207219	5.90687	6
GAGCG	165	0.7890889	6.0233965	3
GACCC	160	0.75527656	5.9454594	3
GCACA	200	0.70473063	5.043006	85
GCGAC	145	0.68894094	5.9843006	7
GGGGG	100	0.64906895	5.4500318	8
AGCCC	130	0.6136622	5.9454594	4
CCGCC	90	0.56914294	5.309908	2
GCCGC	65	0.41373307	5.344598	4
>>END_MODULE
