##FastQC	0.10.1
>>Basic Statistics	pass
#Measure	Value	
Filename	Trimmed_Partial_SRR2467150.fastq	
File type	Conventional base calls	
Encoding	Sanger / Illumina 1.9	
Total Sequences	4834	
Filtered Sequences	0	
Sequence length	60-89	
%GC	40	
>>END_MODULE
>>Per base sequence quality	pass
#Base	Mean	Median	Lower Quartile	Upper Quartile	10th Percentile	90th Percentile
1	37.355812991311545	39.0	37.0	39.0	33.0	39.0
2	39.42180388911874	41.0	39.0	41.0	36.0	41.0
3	39.45779892428631	41.0	39.0	41.0	36.0	41.0
4	39.50744724865536	41.0	39.0	41.0	37.0	41.0
5	39.35788167149359	41.0	39.0	41.0	36.0	41.0
6	39.126189491104675	41.0	38.0	41.0	36.0	41.0
7	39.44062887877534	41.0	39.0	41.0	36.0	41.0
8	39.54075299958627	41.0	39.0	41.0	37.0	41.0
9	39.256723210591645	41.0	39.0	41.0	36.0	41.0
10-14	39.541704592470005	41.0	39.0	41.0	37.0	41.0
15-19	39.053537443111296	40.4	38.6	41.0	35.4	41.0
20-24	39.1333057509309	40.2	39.0	41.0	35.6	41.0
25-29	38.975755068266444	40.0	38.2	41.0	34.8	41.0
30-34	38.8113363673976	40.0	38.2	41.0	34.8	41.0
35-39	38.98762929251138	40.0	38.2	41.0	35.2	41.0
40-44	38.60798510550269	40.0	37.6	41.0	34.4	41.0
45-49	38.29325610260654	40.0	37.2	41.0	34.0	41.0
50-54	37.63297476210178	39.0	36.0	40.6	33.0	41.0
55-59	36.618659495242035	37.4	35.0	39.6	31.6	41.0
60-64	35.01820421066739	35.4	33.8	38.0	30.4	39.4
65-69	34.44384192374431	34.8	33.6	36.6	30.4	38.8
70-74	33.91178918909926	35.0	33.8	35.8	29.6	37.0
75-79	33.79497580793959	35.0	34.0	35.0	30.6	36.0
80-84	33.56684149366667	35.0	34.0	35.0	29.8	35.8
85-89	33.084082598676304	34.4	32.8	34.8	29.4	35.0
>>END_MODULE
>>Per sequence quality scores	pass
#Quality	Count
26	1.0
27	12.0
28	35.0
29	68.0
30	66.0
31	89.0
32	136.0
33	155.0
34	194.0
35	285.0
36	497.0
37	1017.0
38	1678.0
39	585.0
40	16.0
>>END_MODULE
>>Per base sequence content	warn
#Base	G	A	T	C
1	19.445593711212247	28.320231692180386	33.160943318163014	19.073231278444354
2	19.528340918494	27.8444352503103	33.202316921803884	19.424906909391808
3	19.81795614398014	27.534133223003725	31.692180388911872	20.955730244104263
4	22.44517997517584	27.741001241208107	30.347538270583367	19.466280513032686
5	20.604054613156805	28.237484484898633	31.816301199834506	19.342159702110052
6	20.169631774927595	27.803061646669423	31.0095159288374	21.017790649565576
7	21.162598262308645	29.333884981381882	29.520066197765825	19.98345055854365
8	20.583367811336366	29.292511377741004	31.0095159288374	19.114604882085228
9	19.28009929664874	28.87877534133223	31.15432354158047	20.68680182043856
10-14	20.266468056934787	28.23982125124131	31.351373717312146	20.14233697451175
15-19	20.062060405461317	27.877534133223	31.4811750103434	20.57923045097228
20-24	20.067858325057927	27.722608407811983	31.210691823899374	20.998841443230717
25-29	20.23169218038891	28.051303268514687	31.18742242449317	20.529582126603227
30-34	20.678667494309952	28.19780674529278	30.614525139664806	20.509000620732465
35-39	20.347538270583367	28.183698800165498	30.661977658254035	20.806785270997104
40-44	20.351675630947454	28.514687629292514	30.57923045097228	20.554406288787753
45-49	21.067438973934628	27.93959453868432	30.628878775341335	20.36408771203972
50-54	19.900703351261896	28.142325196524613	31.15432354158047	20.802647910633016
55-59	19.809681423251966	27.898220935043444	31.17501034340091	21.117087298303684
60-64	20.224905597742644	28.16299431511681	30.930744014274453	20.681356072866095
65-69	20.428983568173265	27.725049128235145	30.760546891332524	21.08542041225906
70-74	20.232459847844463	28.736263736263734	30.600169061707522	20.431107354184277
75-79	20.337610298819218	28.065987467496484	30.909245918410843	20.687156315273455
80-84	20.2497308934338	28.305705059203447	31.069967707212054	20.3745963401507
85-89	20.709559966253718	28.315794147684382	30.917810043958973	20.056835842102927
>>END_MODULE
>>Per base GC content	pass
#Base	%GC
1	38.51882498965659
2	38.953247827885804
3	40.7736863880844
4	41.911460488208526
5	39.94621431526686
6	41.18742242449318
7	41.1460488208523
8	39.6979726934216
9	39.9669011170873
10-14	40.40880503144654
15-19	40.64129085643359
20-24	41.06669976828864
25-29	40.76127430699214
30-34	41.18766811504241
35-39	41.154323541580474
40-44	40.90608191973521
45-49	41.43152668597435
50-54	40.70335126189491
55-59	40.926768721555646
60-64	40.90626167060874
65-69	41.51440398043233
70-74	40.66356720202874
75-79	41.02476661409267
80-84	40.6243272335845
85-89	40.76639580835664
>>END_MODULE
>>Per sequence GC content	pass
#GC Content	Count
0	0.0
1	0.0
2	0.0
3	0.0
4	0.0
5	0.0
6	0.0
7	0.0
8	0.0
9	0.0
10	0.0
11	0.0
12	0.0
13	0.0
14	0.0
15	0.0
16	0.5
17	1.5
18	2.0
19	1.5
20	1.0
21	2.0
22	9.5
23	18.5
24	17.5
25	13.5
26	17.0
27	21.5
28	33.5
29	54.0
30	71.0
31	91.5
32	119.5
33	143.0
34	170.5
35	207.0
36	227.0
37	259.5
38	298.0
39	319.5
40	347.5
41	378.5
42	379.0
43	369.5
44	346.0
45	316.5
46	277.5
47	241.5
48	211.5
49	158.0
50	107.0
51	69.0
52	58.0
53	47.0
54	28.0
55	17.0
56	10.0
57	4.0
58	3.5
59	2.0
60	1.0
61	0.5
62	0.5
63	0.0
64	0.0
65	0.0
66	0.0
67	0.0
68	0.0
69	0.0
70	0.0
71	0.0
72	0.0
73	0.0
74	0.0
75	0.0
76	0.0
77	0.0
78	0.0
79	0.0
80	0.0
81	0.0
82	0.0
83	0.0
84	0.0
85	0.0
86	0.0
87	0.0
88	0.0
89	0.0
90	0.0
91	0.0
92	0.0
93	0.0
94	0.0
95	0.0
96	0.0
97	0.0
98	0.0
99	0.0
100	0.0
>>END_MODULE
>>Per base N content	pass
#Base	N-Count
1	0.0
2	0.0
3	0.0
4	0.0
5	0.0
6	0.0
7	0.0
8	0.0
9	0.0
10-14	0.008274720728175426
15-19	0.0
20-24	0.008274720728175426
25-29	0.0
30-34	0.02068680182043856
35-39	0.0
40-44	0.0
45-49	0.0
50-54	0.0
55-59	0.0
60-64	0.0
65-69	0.0
70-74	0.0
75-79	0.0
80-84	0.0
85-89	0.0
>>END_MODULE
>>Sequence Length Distribution	warn
#Length	Count
60	5.0
61	7.0
62	9.0
63	12.0
64	3.0
65	7.0
66	9.0
67	7.0
68	4.0
69	16.0
70	9.0
71	19.0
72	7.0
73	8.0
74	5.0
75	8.0
76	7.0
77	7.0
78	9.0
79	11.0
80	10.0
81	7.0
82	14.0
83	11.0
84	21.0
85	29.0
86	47.0
87	37.0
88	158.0
89	4331.0
>>END_MODULE
>>Sequence Duplication Levels	pass
#Total Duplicate Percentage	4.426975589573852
#Duplication Level	Relative count
1	100.0
2	1.9264069264069263
3	0.2597402597402597
4	0.0
5	0.0
6	0.0
7	0.0
8	0.0
9	0.0
10++	0.0
>>END_MODULE
>>Overrepresented sequences	pass
>>END_MODULE
>>Kmer Content	warn
#Sequence	Count	Obs/Exp Overall	Obs/Exp Max	Max Obs/Exp Position
CACCA	1010	3.5855675	8.953004	9
CAGCA	960	3.4176974	7.481926	9
CTTGG	1045	3.223505	12.965613	9
GCAGC	640	3.1881423	10.469085	5
TCTTC	1555	3.1774824	6.012178	5
ACCAG	850	3.026086	6.75471	85
CCACC	600	2.9720578	8.328121	3
CTTCT	1440	2.942492	5.153296	6
TCTTG	1420	2.9098258	6.0291724	9
CCTTG	945	2.906819	6.464534	7
AGCAG	790	2.8204298	9.003689	4
TTGGA	1250	2.763456	5.5753837	6
TGGAG	800	2.6623554	7.892787	85
CACCG	530	2.6327386	6.263746	2
TGGAA	1085	2.5805387	6.9977703	4
CAACA	975	2.4806852	11.763614	9
CAAAG	960	2.4494247	5.3622108	6
GCACC	475	2.3595297	7.068666	85
TCAGC	710	2.349539	5.5637207	9
ACCAC	660	2.343044	5.9686694	2
TGGTG	755	2.335527	5.200905	4
CTTGA	1035	2.281692	5.5596685	7
GGAAG	620	2.219759	5.120886	80-84
TGGCA	660	2.1902523	6.974309	2
TCTGG	710	2.1901326	5.1862454	8
GAAGA	845	2.1620982	7.2820616	85
CTGGA	645	2.1404736	5.579447	3
CAGCC	425	2.1111584	8.351662	6
AGCCA	575	2.0470583	5.066033	85
GGCAA	560	1.9992923	6.00246	5
GTTGG	645	1.9952513	7.801357	1
CTCTT	945	1.9310104	6.8710613	8
TCAAC	815	1.9274652	7.952432	8
GGCAG	385	1.923288	6.2992067	3
CAATG	800	1.8973384	6.749792	85
GAAAG	740	1.8934351	7.282061	85
TCTCT	920	1.8799255	7.7299438	7
GCTTC	575	1.7686995	5.171627	8
TCCTT	860	1.7573216	5.153296	6
ACCGA	490	1.7444496	5.98554	6
AAAGC	670	1.7094946	5.362211	8
TACCG	515	1.7042431	5.5637207	5
ACCGT	510	1.6876969	5.56372	4
ATCTT	1140	1.6695067	5.539962	4
GTGGA	500	1.6639721	5.595218	6
TGGGA	495	1.6473324	5.595218	1
GACAG	455	1.6244248	6.0024595	5
GCGGC	230	1.603175	6.612527	85
GCCTT	520	1.5995196	5.171627	4
GAGCA	445	1.5887232	5.080353	85
GAACC	445	1.5842451	5.98554	9
TGTTG	765	1.5720483	5.1824684	6
GGTTG	505	1.5621736	6.5011315	6
CTTCC	505	1.5490013	6.4463134	4
CAACT	650	1.5372422	5.6089725	85
CTGGC	330	1.528036	5.838777	1
AGTGG	435	1.4476557	5.5952177	7
TGGAC	430	1.4269825	9.444648	85
CGACA	385	1.370639	5.066033	85
AGATC	570	1.3518536	6.749792	85
CCTGG	290	1.3428195	5.8387766	2
TCAGA	555	1.3162785	6.978046	3
GGCCA	260	1.295183	6.2814517	7
TGAAG	540	1.2843235	5.998089	9
GGTTC	405	1.2493011	7.315878	85
GTAGC	375	1.2444614	5.579447	9
TTGTG	600	1.232979	6.82318	85
GCAGT	345	1.1449044	5.5794463	4
ATGGG	335	1.1148612	5.5952177	1
ATCGG	335	1.1117189	7.87054	85
CGACG	220	1.0959239	6.2814507	1
ACGGC	215	1.0710167	6.2814517	1
TCGTC	340	1.0458397	5.171627	8
CGGCC	140	0.9730951	5.8430314	2
GGACC	185	0.92157245	6.2814517	3
GCCTC	180	0.8311249	5.8223195	9
GGTGC	175	0.8126127	5.8552814	5
GCCCC	75	0.51983154	5.826562	2
GCCGG	50	0.3485163	5.8595476	9
>>END_MODULE
