##FastQC	0.10.1
>>Basic Statistics	pass
#Measure	Value	
Filename	Trimmed_Partial_SRR2467144.fastq	
File type	Conventional base calls	
Encoding	Sanger / Illumina 1.9	
Total Sequences	4820	
Filtered Sequences	0	
Sequence length	60-89	
%GC	41	
>>END_MODULE
>>Per base sequence quality	pass
#Base	Mean	Median	Lower Quartile	Upper Quartile	10th Percentile	90th Percentile
1	37.19170124481328	39.0	37.0	39.0	33.0	39.0
2	39.357883817427386	41.0	39.0	41.0	36.0	41.0
3	39.363070539419084	41.0	39.0	41.0	36.0	41.0
4	39.39004149377593	41.0	39.0	41.0	36.0	41.0
5	39.2551867219917	41.0	39.0	41.0	36.0	41.0
6	39.020539419087136	40.0	38.0	41.0	36.0	41.0
7	39.44439834024896	41.0	39.0	41.0	36.0	41.0
8	39.55020746887967	41.0	39.0	41.0	37.0	41.0
9	39.22406639004149	41.0	39.0	41.0	36.0	41.0
10-14	39.46066390041494	40.8	39.0	41.0	36.4	41.0
15-19	38.97199170124482	40.0	38.6	41.0	35.4	41.0
20-24	39.08244813278009	40.2	38.4	41.0	35.4	41.0
25-29	38.93908713692947	40.0	38.2	41.0	35.0	41.0
30-34	38.80423236514523	40.0	38.2	41.0	34.6	41.0
35-39	38.92767634854772	40.0	38.0	41.0	35.0	41.0
40-44	38.49871369294606	40.0	37.6	41.0	34.0	41.0
45-49	38.224190871369295	39.8	37.0	41.0	34.0	41.0
50-54	37.54107883817427	39.0	35.8	40.6	32.8	41.0
55-59	36.505477178423234	37.2	35.0	39.4	31.6	41.0
60-64	34.90076645920602	35.2	33.6	37.8	30.2	39.2
65-69	34.348189036733594	34.8	33.6	36.2	30.2	38.6
70-74	33.88933123249358	35.0	33.8	35.6	30.0	36.8
75-79	33.750956755873986	35.0	34.0	35.0	30.2	36.0
80-84	33.57343004189982	35.0	33.6	35.0	30.4	35.6
85-89	33.0125472161954	34.4	32.8	34.8	28.8	35.0
>>END_MODULE
>>Per sequence quality scores	pass
#Quality	Count
25	4.0
26	4.0
27	8.0
28	29.0
29	39.0
30	65.0
31	105.0
32	128.0
33	180.0
34	248.0
35	304.0
36	533.0
37	1019.0
38	1587.0
39	554.0
40	13.0
>>END_MODULE
>>Per base sequence content	warn
#Base	G	A	T	C
1	19.79253112033195	28.7551867219917	32.88381742738589	18.568464730290458
2	19.543568464730292	27.40663900414938	33.15352697095435	19.896265560165975
3	20.37344398340249	28.029045643153527	30.975103734439834	20.622406639004147
4	21.327800829875518	29.06639004149378	29.27385892116183	20.33195020746888
5	21.410788381742737	28.838174273858918	29.95850622406639	19.79253112033195
6	19.937759336099585	28.04979253112033	30.726141078838175	21.286307053941908
7	19.75103734439834	28.609958506224064	30.560165975103736	21.07883817427386
8	20.352697095435683	28.17427385892116	31.742738589211616	19.730290456431536
9	19.62655601659751	27.946058091286307	30.850622406639005	21.57676348547718
10-14	20.158512801361052	28.47836009792937	30.739864724677375	20.6232623760322
15-19	19.937759336099585	28.846473029045644	30.547717842323653	20.66804979253112
20-24	20.233204697290343	27.93476907755508	30.75231337399892	21.079712851155648
25-29	20.904564315352697	27.958506224066387	30.53941908713693	20.597510373443985
30-34	19.851446118096185	28.494958297024773	30.536536785758745	21.117058799120294
35-39	20.67219917012448	27.917012448132777	30.522821576763487	20.887966804979254
40-44	20.514522821576765	28.49792531120332	30.186721991701244	20.800829875518673
45-49	20.095435684647303	27.9792531120332	30.543568464730292	21.381742738589214
50-54	20.112033195020746	28.078838174273855	30.655601659751035	21.153526970954356
55-59	20.323651452282157	28.406639004149376	30.182572614107883	21.08713692946058
60-64	20.50940569335775	28.32944897619444	30.277176627268187	20.883968703179622
65-69	20.255765199161427	27.945492662473793	30.670859538784068	21.127882599580712
70-74	20.278683664393714	28.372368811147346	30.375672356105206	20.973275168353734
75-79	20.00085565157868	28.587319243604004	30.841961153418328	20.56986395139899
80-84	20.201408998573715	27.851493279163247	30.487963002982237	21.459134719280808
85-89	20.853523005112248	28.3929762169371	29.877750611246945	20.875750166703714
>>END_MODULE
>>Per base GC content	pass
#Base	%GC
1	38.36099585062241
2	39.439834024896264
3	40.995850622406635
4	41.6597510373444
5	41.203319502074685
6	41.22406639004149
7	40.829875518672196
8	40.08298755186722
9	41.203319502074685
10-14	40.78177517739326
15-19	40.6058091286307
20-24	41.312917548445995
25-29	41.50207468879668
30-34	40.96850491721648
35-39	41.560165975103736
40-44	41.315352697095435
45-49	41.477178423236516
50-54	41.2655601659751
55-59	41.41078838174274
60-64	41.393374396537375
65-69	41.38364779874214
70-74	41.25195883274745
75-79	40.57071960297767
80-84	41.66054371785452
85-89	41.72927317181596
>>END_MODULE
>>Per sequence GC content	warn
#GC Content	Count
0	0.0
1	0.0
2	0.0
3	0.0
4	0.0
5	0.0
6	0.0
7	0.0
8	0.0
9	0.0
10	0.0
11	0.0
12	0.0
13	0.0
14	0.0
15	0.0
16	0.0
17	1.0
18	2.0
19	2.0
20	4.0
21	5.5
22	7.5
23	10.5
24	9.0
25	13.0
26	22.0
27	26.0
28	30.0
29	48.5
30	78.0
31	98.5
32	112.0
33	127.0
34	157.0
35	204.0
36	230.0
37	255.0
38	271.5
39	282.5
40	312.0
41	334.5
42	359.0
43	381.5
44	391.0
45	383.0
46	329.0
47	262.5
48	220.5
49	180.0
50	137.5
51	87.5
52	56.0
53	37.5
54	21.0
55	16.5
56	11.0
57	7.0
58	6.0
59	3.0
60	1.0
61	0.5
62	0.5
63	0.5
64	0.0
65	0.0
66	0.0
67	0.0
68	0.0
69	0.0
70	0.0
71	0.0
72	0.0
73	0.0
74	0.0
75	0.0
76	0.0
77	0.0
78	0.0
79	0.0
80	0.0
81	0.0
82	0.0
83	0.0
84	0.0
85	0.0
86	0.0
87	0.0
88	0.0
89	0.0
90	0.0
91	0.0
92	0.0
93	0.0
94	0.0
95	0.0
96	0.0
97	0.0
98	0.0
99	0.0
100	0.0
>>END_MODULE
>>Per base N content	pass
#Base	N-Count
1	0.0
2	0.0
3	0.0
4	0.0
5	0.0
6	0.0
7	0.0
8	0.0
9	0.0
10-14	0.004149377593360996
15-19	0.0
20-24	0.004149377593360996
25-29	0.0
30-34	0.004149377593360996
35-39	0.0
40-44	0.0
45-49	0.0
50-54	0.0
55-59	0.0
60-64	0.0
65-69	0.0
70-74	0.0
75-79	0.0
80-84	0.0
85-89	0.0
>>END_MODULE
>>Sequence Length Distribution	warn
#Length	Count
60	4.0
61	7.0
62	13.0
63	9.0
64	4.0
65	4.0
66	10.0
67	5.0
68	9.0
69	6.0
70	13.0
71	21.0
72	8.0
73	3.0
74	15.0
75	6.0
76	3.0
77	12.0
78	14.0
79	6.0
80	9.0
81	6.0
82	19.0
83	11.0
84	9.0
85	23.0
86	41.0
87	34.0
88	192.0
89	4304.0
>>END_MODULE
>>Sequence Duplication Levels	pass
#Total Duplicate Percentage	4.668049792531121
#Duplication Level	Relative count
1	100.0
2	2.2198041349292708
3	0.15233949945593037
4	0.0
5	0.0
6	0.0
7	0.0
8	0.0
9	0.0
10++	0.0
>>END_MODULE
>>Overrepresented sequences	pass
>>END_MODULE
>>Kmer Content	warn
#Sequence	Count	Obs/Exp Overall	Obs/Exp Max	Max Obs/Exp Position
TCTTC	1710	3.3920121	8.3620205	3
ACCAG	955	3.287534	8.067608	85
CTTCT	1630	3.2333214	7.525819	4
CTTGG	1070	3.229337	7.6336246	9
AGCAG	900	3.178474	4.466295	2
CACCA	940	3.1541727	7.072575	6
TTCTT	2255	3.094269	5.2059975	7
TCTTG	1510	3.0728936	4.2893405	1
CTTCA	1425	3.0577323	6.331878	4
CACCG	655	3.0132468	5.817878	3
GCAGC	635	2.996928	6.636387	85
CCTTG	965	2.838884	6.2006936	6
CAGCA	820	2.8228042	5.587459	65-69
TTGGA	1105	2.4955451	5.712212	6
ACCAA	990	2.485801	5.292381	3
GCACC	540	2.4842029	5.8178773	2
CCACC	550	2.4663053	5.6709433	8
TGGAG	735	2.461781	6.279571	85
TCACC	785	2.4350283	5.230513	9
TGGAA	965	2.3575106	5.149277	3
CCAGC	505	2.3231897	8.625042	85
GGTGG	490	2.2500591	7.742974	4
TCTGG	745	2.2484636	6.361354	2
ACCGG	470	2.2181988	5.968619	7
CAGCG	465	2.194601	5.9686193	2
CTTGT	1075	2.1876562	5.147208	1
TCAGC	685	2.179888	5.3660355	8
TACCA	935	2.1702988	5.8709598	5
ACCTT	985	2.1135905	5.4273243	8
TTGGC	700	2.1126504	5.0890827	3
GTTGG	670	2.074501	6.526176	6
ACACC	605	2.0300794	7.072575	7
AGCTT	915	2.0142572	6.495938	7
GGAAC	560	1.977717	5.9550595	4
CAATG	800	1.9050531	6.6969376	85
AGCAA	735	1.8933363	5.4295073	4
GCCTT	640	1.8827833	7.4408326	8
TTGAC	855	1.8821748	6.1908884	85
CAGCT	590	1.8775679	5.366036	6
GAACC	545	1.8761319	5.8046603	5
AACAA	975	1.8319317	5.2840123	85
GTGGA	540	1.8086556	7.0596323	1
GGAAG	495	1.7934555	5.121233	80-84
CTGGC	405	1.7669911	5.5176044	2
CTCTT	890	1.7654332	5.0172124	7
AGCAC	510	1.7556465	6.454086	85
GTCAA	735	1.7502677	7.026922	9
GTGGT	565	1.7493926	5.2209406	5
CACCC	385	1.7264136	5.6709433	8
TTCTC	870	1.7257606	7.525819	5
TGTTG	825	1.7223989	8.800954	6
GAGCA	475	1.6775279	5.9550595	3
TCTCT	845	1.6761698	6.6896167	6
GGTAG	500	1.6746812	5.647706	4
AACAG	645	1.6614991	6.03696	85
CTGGG	360	1.6113546	5.6605654	7
GGAAA	600	1.5856267	5.570185	6
GCAAT	665	1.5835754	5.0192294	6
GCTGG	350	1.5665947	5.6605654	6
TTGGG	505	1.5636164	6.526176	7
AGTGG	465	1.5574534	7.0596323	1
CAGTG	475	1.5507668	5.5050697	3
AGCGT	475	1.5507668	5.5050697	3
CGACG	315	1.4866651	5.968619	4
TGGCT	490	1.4788551	5.0890822	4
AGTTG	630	1.4227995	5.712212	1
TGAGC	435	1.4201758	5.5050693	8
GTTGT	680	1.4196743	6.160668	2
AAATC	805	1.3982258	5.1254196	4
CGGAA	380	1.3420223	9.931968	85
CCTTT	675	1.3389522	5.0172124	9
GTACC	420	1.3365736	5.3660355	4
CGGTG	295	1.3204155	6.2938695	85
TGGCG	290	1.2980355	5.660565	6
AACCG	375	1.2909164	5.8046603	6
GCAGA	360	1.2713895	5.955059	2
GGTCA	385	1.2569373	5.5050697	8
TAGCG	375	1.2242895	5.5050697	2
AGGTG	365	1.2225173	7.0596323	3
TGGGG	265	1.2168686	5.8072305	8
CCGGC	190	1.1983473	5.317519	5
AGAAC	440	1.1334258	5.429507	4
CCGGT	255	1.11255	7.356806	3
GGCCT	250	1.0907353	5.5176044	7
GTCAC	340	1.0819882	5.3660355	6
GCGTC	245	1.0689206	5.5176044	4
GAGGC	220	1.0652083	6.1232653	3
GAGAC	295	1.0418332	6.621312	85
GGGCA	205	0.99258053	6.1232653	9
AAGGT	405	0.9894218	5.1492786	2
GGGGC	145	0.96253306	8.394963	9
CGGCC	150	0.94606364	5.3175187	6
CGGTC	215	0.9380323	5.5176044	3
CCACT	250	0.7754867	5.230513	2
TGGGC	170	0.7609174	5.6605654	2
AGCGC	125	0.5899465	6.636388	85
CGCCC	95	0.5840411	7.7748322	2
GCCTG	115	0.50173825	5.5176044	2
CGGGC	75	0.48528805	5.4552956	5
>>END_MODULE
