##FastQC	0.10.1
>>Basic Statistics	pass
#Measure	Value	
Filename	Trimmed_Partial_SRR2467145.fastq	
File type	Conventional base calls	
Encoding	Sanger / Illumina 1.9	
Total Sequences	4828	
Filtered Sequences	0	
Sequence length	60-89	
%GC	41	
>>END_MODULE
>>Per base sequence quality	pass
#Base	Mean	Median	Lower Quartile	Upper Quartile	10th Percentile	90th Percentile
1	37.42626346313173	39.0	37.0	39.0	34.0	39.0
2	39.4629246064623	41.0	39.0	41.0	36.0	41.0
3	39.50621375310688	41.0	39.0	41.0	37.0	41.0
4	39.521541010770505	41.0	39.0	41.0	37.0	41.0
5	39.513256006628005	41.0	39.0	41.0	37.0	41.0
6	39.16114333057167	41.0	39.0	41.0	36.0	41.0
7	39.545153272576634	41.0	39.0	41.0	37.0	41.0
8	39.6675642087821	41.0	39.0	41.0	37.0	41.0
9	39.37551781275891	41.0	39.0	41.0	36.0	41.0
10-14	39.60878210439105	41.0	39.2	41.0	37.0	41.0
15-19	39.09846727423364	40.0	38.8	41.0	35.6	41.0
20-24	39.22096106048053	40.4	38.8	41.0	36.0	41.0
25-29	39.069386909693456	40.0	38.6	41.0	35.2	41.0
30-34	38.92448218724109	40.0	38.2	41.0	35.0	41.0
35-39	39.05584092792047	40.0	38.6	41.0	35.2	41.0
40-44	38.653065451532726	40.0	38.2	41.0	34.2	41.0
45-49	38.31304888152444	39.8	37.2	41.0	34.0	41.0
50-54	37.61122618061309	38.8	36.0	40.6	33.0	41.0
55-59	36.60878210439105	37.2	35.0	39.6	32.0	41.0
60-64	34.99210393246229	35.4	34.0	37.8	30.6	39.4
65-69	34.49524028171312	34.8	33.6	36.4	30.6	38.8
70-74	33.99034125897144	35.0	33.8	35.6	30.0	36.8
75-79	33.761154527146104	35.0	34.0	35.0	30.0	36.0
80-84	33.5719086490131	35.0	33.8	35.0	30.4	35.6
85-89	33.056272817183604	34.4	32.6	34.8	29.2	35.0
>>END_MODULE
>>Per sequence quality scores	pass
#Quality	Count
25	1.0
26	4.0
27	10.0
28	31.0
29	41.0
30	61.0
31	90.0
32	108.0
33	170.0
34	206.0
35	305.0
36	522.0
37	1030.0
38	1651.0
39	574.0
40	24.0
>>END_MODULE
>>Per base sequence content	warn
#Base	G	A	T	C
1	20.443247721623862	27.816901408450708	32.08367854183927	19.656172328086164
2	19.179784589892297	28.500414250207122	33.26429163214581	19.05550952775476
3	19.24192212096106	27.36122618061309	32.166528583264295	21.230323115161557
4	20.75393537696769	27.858326429163217	31.379453189726597	20.0082850041425
5	20.443247721623862	27.19552609776305	31.44159072079536	20.91963545981773
6	20.75393537696769	28.189726594863295	30.19884009942005	20.857497928748963
7	21.292460646230325	28.70753935376968	29.494614747307374	20.505385252692626
8	20.505385252692626	28.231151615575804	31.731565865782933	19.531897265948633
9	20.298260149130073	27.79618889809445	30.716652858326427	21.188898094449048
10-14	20.509527754763877	28.612261806130903	30.25269262634631	20.625517812758908
15-19	20.260977630488817	27.584921292460646	31.822700911350456	20.331400165700085
20-24	20.55509527754764	27.90389395194698	30.73322286661143	20.807787903893953
25-29	20.613090306545153	28.537696768848384	30.530240265120135	20.318972659486327
30-34	20.883218028915863	28.095612908571194	30.24980322300013	20.77136583951282
35-39	19.971002485501245	28.264291632145817	30.72079536039768	21.04391052195526
40-44	20.343827671913836	27.96603148301574	30.915492957746476	20.774647887323944
45-49	20.186412593206295	28.31400165700083	30.592377796188895	20.907207953603976
50-54	20.600662800331403	28.272576636288317	30.194697597348796	20.932062966031484
55-59	19.879867439933722	28.657829328914662	30.662800331400163	20.79950289975145
60-64	20.667165171153208	28.285975407111998	29.889498172150216	21.15736124958458
65-69	20.713507168609038	27.957575249434058	30.996897794919093	20.332019787037815
70-74	21.026946743051138	27.812433694037768	30.642902609802675	20.517716953108422
75-79	20.77482876712329	27.945205479452056	30.205479452054796	21.074486301369863
80-84	20.877504218770284	28.05157717104409	30.23668383021072	20.834234779974903
85-89	21.044921875	28.449041193181817	30.450994318181817	20.055042613636363
>>END_MODULE
>>Per base GC content	pass
#Base	%GC
1	40.09942004971003
2	38.23529411764706
3	40.47224523612262
4	40.76222038111019
5	41.36288318144159
6	41.61143330571665
7	41.797845898922944
8	40.03728251864126
9	41.48715824357912
10-14	41.13504556752278
15-19	40.5923777961889
20-24	41.36288318144159
25-29	40.93206296603149
30-34	41.65458386842869
35-39	41.01491300745651
40-44	41.11847555923778
45-49	41.09362054681027
50-54	41.53272576636288
55-59	40.67937033968517
60-64	41.82452642073778
65-69	41.04552695564685
70-74	41.54466369615955
75-79	41.84931506849315
80-84	41.71173899874518
85-89	41.09996448863637
>>END_MODULE
>>Per sequence GC content	pass
#GC Content	Count
0	0.0
1	0.0
2	0.0
3	0.0
4	0.0
5	0.0
6	0.0
7	0.0
8	0.0
9	0.0
10	0.0
11	0.5
12	0.5
13	0.0
14	0.5
15	1.0
16	0.5
17	1.5
18	3.0
19	2.0
20	1.5
21	4.0
22	6.5
23	13.5
24	18.5
25	17.5
26	24.0
27	31.5
28	35.0
29	47.0
30	61.0
31	69.5
32	99.5
33	129.5
34	162.0
35	214.5
36	239.0
37	246.0
38	274.5
39	297.0
40	336.0
41	367.5
42	363.5
43	366.0
44	348.0
45	330.5
46	314.0
47	263.0
48	228.5
49	182.0
50	115.5
51	91.0
52	69.5
53	40.0
54	27.0
55	25.5
56	16.5
57	8.0
58	6.5
59	4.5
60	3.0
61	1.5
62	1.5
63	1.0
64	0.0
65	0.0
66	0.0
67	0.0
68	0.0
69	0.0
70	0.0
71	0.0
72	0.0
73	0.0
74	0.0
75	0.0
76	0.0
77	0.0
78	0.0
79	0.0
80	0.0
81	0.0
82	0.0
83	0.0
84	0.0
85	0.0
86	0.0
87	0.0
88	0.0
89	0.0
90	0.0
91	0.0
92	0.0
93	0.0
94	0.0
95	0.0
96	0.0
97	0.0
98	0.0
99	0.0
100	0.0
>>END_MODULE
>>Per base N content	pass
#Base	N-Count
1	0.0
2	0.0
3	0.0
4	0.0
5	0.0
6	0.0
7	0.0
8	0.0
9	0.0
10-14	0.0
15-19	0.0
20-24	0.0
25-29	0.0
30-34	0.004142502071251036
35-39	0.0
40-44	0.0
45-49	0.0
50-54	0.0
55-59	0.0
60-64	0.0
65-69	0.0
70-74	0.0
75-79	0.0
80-84	0.0
85-89	0.0
>>END_MODULE
>>Sequence Length Distribution	warn
#Length	Count
60	2.0
61	11.0
62	8.0
63	11.0
64	7.0
65	7.0
66	12.0
67	10.0
68	7.0
69	13.0
70	11.0
71	17.0
72	18.0
73	4.0
74	6.0
75	8.0
76	4.0
77	4.0
78	8.0
79	15.0
80	12.0
81	11.0
82	11.0
83	11.0
84	11.0
85	24.0
86	43.0
87	24.0
88	144.0
89	4354.0
>>END_MODULE
>>Sequence Duplication Levels	pass
#Total Duplicate Percentage	4.577464788732394
#Duplication Level	Relative count
1	100.0
2	2.148903841979596
3	0.10853049706967657
4	0.04341219882787063
5	0.0
6	0.0
7	0.0
8	0.0
9	0.0
10++	0.0
>>END_MODULE
>>Overrepresented sequences	pass
>>END_MODULE
>>Kmer Content	warn
#Sequence	Count	Obs/Exp Overall	Obs/Exp Max	Max Obs/Exp Position
CTTGG	1045	3.128094	7.5348773	3
CAGCA	865	3.1067133	7.5338426	2
GCAGC	635	3.1031616	10.250903	7
TTCTT	2250	3.0622165	5.1387486	1
TCTTG	1430	2.88632	5.0806723	2
CACCA	785	2.847458	7.6088514	5
CTTCA	1255	2.7884588	7.4571347	9
TTGGA	1265	2.755535	7.3108325	4
ACCAG	715	2.567977	7.5338426	6
ACCAA	965	2.5472224	6.644346	6
AGCAG	715	2.5426617	7.4595733	2
TGGAG	730	2.3582687	5.421156	3
CACCG	470	2.3196962	8.2823715	5
TGGCA	685	2.2349284	5.4751306	5
CCTTG	725	2.191816	6.341582	2
TTTGG	1095	2.1883664	5.711195	85
GCTTC	715	2.1615844	5.073265	2
TTGGT	1065	2.1284108	6.7074475	8
GGCAG	435	2.1048315	6.9138374	85
CAACC	580	2.1038544	9.130623	8
CCAGC	420	2.0729198	6.211778	9
GCACC	415	2.0482426	8.282372	4
CCAAC	555	2.013171	6.9106283	85
TACCA	830	2.0100558	5.0799747	9
GGCAA	555	1.9736744	8.46881	85
TTTTC	1395	1.8985742	5.1387486	8
TTGGC	625	1.8708695	5.0232515	1
GATGG	570	1.841388	5.421156	9
ACCGT	555	1.8288099	6.9120526	5
GCCTT	600	1.8139169	6.341582	5
GTCAA	735	1.7624418	8.0478325	9
ACCGG	360	1.7592726	6.1505413	6
TACCG	520	1.7134796	6.912053	4
CAGCC	345	1.7027557	6.211778	7
AACAG	645	1.6857636	7.468924	85
TGGAC	510	1.663961	5.4751306	5
GGCTT	550	1.6463653	6.2790647	1
GGCCA	335	1.6371008	6.1505413	7
GAACC	455	1.6341672	7.533843	6
CCTTT	800	1.6308012	7.6968856	6
GCGGC	245	1.6290796	5.579145	1
CTTTT	1195	1.6263772	5.7097206	7
GGAGA	460	1.6197119	7.3860364	7
CGGCA	325	1.5882323	6.1505423	3
CTGGG	350	1.5537695	5.5872912	3
TTCTG	755	1.5238962	5.0806723	3
TGGTT	755	1.5088733	5.030586	9
AGCAC	420	1.5084621	6.0270743	3
CTGGC	335	1.5019863	5.6429195	8
ATACC	620	1.5014875	5.0799747	8
GCTGG	330	1.4649829	5.5872917	5
GGAGG	305	1.4612527	6.029874	6
GAAGC	405	1.4402488	5.081286	85
AACCC	390	1.4146607	9.130623	9
CCAGA	380	1.3647989	9.040611	7
AGCCT	410	1.351013	7.8472137	85
TGAGG	415	1.3406596	5.421156	8
TGGCC	290	1.3002269	5.6429195	1
CCATG	385	1.268634	5.5296426	9
CTTAG	565	1.2429863	5.2391133	85
GGTGA	380	1.227592	5.421156	7
GCAGA	335	1.191317	7.4595733	5
GTAAG	490	1.1633784	5.976372	4
GATGT	510	1.1109271	5.4831243	5
AGGAG	310	1.0915449	5.9088287	7
CGGCC	160	1.0744811	5.634693	4
AACGT	420	1.0071095	5.029895	2
GGGGC	140	0.92172563	5.524145	2
CTGAG	280	0.9135473	5.4751306	7
GCCTC	175	0.7924316	5.699102	4
GCTCC	155	0.701868	5.699102	3
GGGCC	90	0.59843737	5.579145	9
CGCCT	130	0.58866346	5.699102	6
CCGCC	75	0.50867754	5.690793	7
GCCGG	75	0.49869785	5.5791454	7
GATCG	130	0.42414695	6.2158833	85
CGCCG	35	0.23504275	5.634693	8
>>END_MODULE
