##FastQC	0.10.1
>>Basic Statistics	pass
#Measure	Value	
Filename	Trimmed_Partial_SRR2467149.fastq	
File type	Conventional base calls	
Encoding	Sanger / Illumina 1.9	
Total Sequences	4839	
Filtered Sequences	0	
Sequence length	60-89	
%GC	40	
>>END_MODULE
>>Per base sequence quality	pass
#Base	Mean	Median	Lower Quartile	Upper Quartile	10th Percentile	90th Percentile
1	37.185368877867326	39.0	37.0	39.0	33.0	39.0
2	39.434387270097126	41.0	39.0	41.0	36.0	41.0
3	39.388303368464555	41.0	39.0	41.0	36.0	41.0
4	39.440173589584624	41.0	39.0	41.0	37.0	41.0
5	39.34469931804092	41.0	39.0	41.0	36.0	41.0
6	39.06633601983881	40.0	38.0	41.0	36.0	41.0
7	39.49783013019219	41.0	39.0	41.0	37.0	41.0
8	39.56499276710064	41.0	39.0	41.0	37.0	41.0
9	39.33126679065923	41.0	39.0	41.0	36.0	41.0
10-14	39.54052490183922	41.0	39.0	41.0	37.0	41.0
15-19	39.034221946683196	40.0	38.6	41.0	35.4	41.0
20-24	39.158090514569125	40.2	39.0	41.0	36.0	41.0
25-29	38.99433767307295	40.0	38.6	41.0	35.2	41.0
30-34	38.76503409795412	40.0	38.0	41.0	34.6	41.0
35-39	39.004298408762146	40.0	38.6	41.0	35.2	41.0
40-44	38.58177309361439	40.0	38.0	41.0	34.2	41.0
45-49	38.30278983261004	40.0	37.2	41.0	34.0	41.0
50-54	37.61347385823517	38.8	36.0	40.6	33.0	41.0
55-59	36.531432114073155	37.2	35.0	39.4	31.4	41.0
60-64	34.96228061853385	35.4	34.0	37.8	30.2	39.4
65-69	34.42242894661722	34.8	33.6	36.4	30.2	38.8
70-74	33.826126472471444	35.0	33.6	35.6	30.0	36.8
75-79	33.73699792894381	35.0	34.0	35.0	30.0	36.0
80-84	33.55094910604339	35.0	33.6	35.0	30.2	35.6
85-89	33.02559123602443	34.4	32.8	34.8	29.2	35.0
>>END_MODULE
>>Per sequence quality scores	pass
#Quality	Count
25	2.0
26	3.0
27	14.0
28	23.0
29	52.0
30	74.0
31	98.0
32	120.0
33	153.0
34	226.0
35	321.0
36	496.0
37	1021.0
38	1656.0
39	567.0
40	13.0
>>END_MODULE
>>Per base sequence content	warn
#Base	G	A	T	C
1	19.818144244678653	28.04298408762141	32.424054556726595	19.714817110973343
2	20.43810704691052	28.33230006199628	32.27939656953916	18.950196321554042
3	20.54143418061583	27.257697871461044	31.742095474271544	20.45877247365158
4	21.28538954329407	28.931597437487085	30.398842736102498	19.384170283116347
5	21.409382103740445	28.766274023558587	30.75015499070056	19.074188882000414
6	19.9008059516429	27.092374457532546	30.398842736102498	22.60797685472205
7	20.934077288696013	29.303575118826203	29.84087621409382	19.921471378383966
8	20.789419301508577	29.117586278156644	30.75015499070056	19.342839429634225
9	20.706757594544328	28.270303781773094	29.696218226906385	21.326720396776196
10-14	20.62822897292829	28.191775160157057	30.85761520975408	20.322380657160572
15-19	20.247985120892746	27.914858441826823	31.21306054970035	20.62409588758008
20-24	20.42241878151608	28.312804827643216	30.495164090270315	20.76961230057039
25-29	20.681959082455055	28.6712130605497	30.588964662120272	20.057863194874976
30-34	20.514198321828626	28.421444219402307	30.661761666597776	20.402595792171287
35-39	19.867741268857202	28.67534614589791	30.725356478611282	20.731556106633604
40-44	20.36784459599091	28.278569952469518	30.828683612316592	20.52490183922298
45-49	20.123992560446375	28.088448026451747	31.035337879727216	20.752221533374666
50-54	20.54143418061583	28.324033891299855	30.353378797272164	20.781153130812154
55-59	20.442240132258732	28.386030171523043	30.493903699111385	20.67782599710684
60-64	20.53067993366501	28.461857379767828	30.530679933665006	20.476782752902157
65-69	20.007526342197693	28.227964542565648	30.63639404582706	21.1281150694096
70-74	20.704398255937008	28.607712822249503	30.732760445328704	19.95512847648478
75-79	20.056473004192693	28.574484469923846	30.345683237785575	21.023359288097886
80-84	20.515151515151516	28.116883116883116	30.31601731601732	21.051948051948052
85-89	21.369692108898096	28.882056766029496	29.67517711535891	20.073074009713494
>>END_MODULE
>>Per base GC content	pass
#Base	%GC
1	39.532961355652
2	39.38830336846456
3	41.000206654267416
4	40.66955982641042
5	40.483570985740855
6	42.508782806364955
7	40.85554866707998
8	40.1322587311428
9	42.033477991320524
10-14	40.95060963008886
15-19	40.872081008472826
20-24	41.192031082086466
25-29	40.73982227733003
30-34	40.91679411399991
35-39	40.599297375490806
40-44	40.89274643521389
45-49	40.87621409382104
50-54	41.32258731142798
55-59	41.120066129365576
60-64	41.007462686567166
65-69	41.135641411607295
70-74	40.65952673242179
75-79	41.07983229229058
80-84	41.56709956709957
85-89	41.442766118611594
>>END_MODULE
>>Per sequence GC content	pass
#GC Content	Count
0	0.0
1	0.0
2	0.0
3	0.0
4	0.0
5	0.0
6	0.0
7	0.0
8	0.0
9	0.0
10	0.0
11	0.0
12	0.0
13	0.0
14	0.0
15	0.0
16	0.0
17	1.0
18	2.0
19	2.0
20	2.0
21	3.5
22	3.5
23	5.0
24	11.0
25	20.0
26	27.5
27	30.0
28	36.5
29	50.0
30	71.0
31	102.5
32	120.5
33	149.0
34	179.5
35	199.5
36	213.0
37	250.5
38	298.5
39	310.0
40	313.5
41	345.5
42	382.0
43	364.5
44	340.0
45	324.5
46	287.0
47	253.0
48	219.5
49	168.0
50	117.0
51	90.0
52	69.5
53	42.0
54	27.5
55	20.0
56	21.0
57	15.0
58	4.0
59	1.5
60	1.5
61	0.5
62	0.5
63	1.0
64	0.5
65	0.0
66	0.0
67	0.0
68	0.0
69	0.0
70	0.0
71	0.0
72	0.0
73	0.0
74	0.0
75	0.0
76	0.0
77	0.0
78	0.0
79	0.0
80	0.0
81	0.0
82	0.0
83	0.0
84	0.0
85	0.0
86	0.0
87	0.0
88	0.0
89	0.0
90	0.0
91	0.0
92	0.0
93	0.0
94	0.0
95	0.0
96	0.0
97	0.0
98	0.0
99	0.0
100	0.0
>>END_MODULE
>>Per base N content	pass
#Base	N-Count
1	0.0
2	0.0
3	0.0
4	0.0
5	0.0
6	0.0
7	0.0
8	0.0
9	0.0
10-14	0.0
15-19	0.0
20-24	0.0041330853482124405
25-29	0.0
30-34	0.008266170696424881
35-39	0.0
40-44	0.0
45-49	0.0
50-54	0.0
55-59	0.0
60-64	0.0
65-69	0.0
70-74	0.0
75-79	0.0
80-84	0.0
85-89	0.0
>>END_MODULE
>>Sequence Length Distribution	warn
#Length	Count
60	6.0
61	6.0
62	13.0
63	7.0
64	2.0
65	9.0
66	15.0
67	9.0
68	10.0
69	7.0
70	16.0
71	16.0
72	17.0
73	6.0
74	9.0
75	7.0
76	9.0
77	9.0
78	8.0
79	17.0
80	9.0
81	10.0
82	10.0
83	19.0
84	12.0
85	28.0
86	38.0
87	36.0
88	164.0
89	4315.0
>>END_MODULE
>>Sequence Duplication Levels	pass
#Total Duplicate Percentage	4.133939644481185
#Duplication Level	Relative count
1	100.0
2	1.8758085381630012
3	0.19404915912031048
4	0.0
5	0.0
6	0.0
7	0.0
8	0.0
9	0.0
10++	0.0
>>END_MODULE
>>Overrepresented sequences	pass
>>END_MODULE
>>Kmer Content	warn
#Sequence	Count	Obs/Exp Overall	Obs/Exp Max	Max Obs/Exp Position
TCTTC	1625	3.3042166	5.9823594	9
CTTGG	1015	3.0760245	5.0949864	3
AGCAG	870	3.07156	7.4194045	2
GCAGC	625	3.0303385	6.113525	3
TTCTT	2185	2.9973478	5.1890454	8
CACCA	840	2.9494424	8.854645	6
CTTCT	1405	2.8568766	5.1277366	6
CTTCA	1300	2.853097	6.456996	6
ACCAG	810	2.8519058	11.838575	7
CAGCA	805	2.8343017	10.358754	9
CCACC	570	2.7485704	9.083788	85
TGGAG	830	2.7223837	5.514302	6
TTGGA	1210	2.6701622	5.1963363	85
CCTTG	875	2.6444914	6.3513117	8
ACCAC	730	2.5632057	7.378871	1
CCTTC	830	2.5016277	6.3339386	5
CCAGC	480	2.3209343	12.193605	8
GCCAA	600	2.112523	5.919288	1
TGGCA	645	2.1098006	6.8740234	5
TGGAA	885	2.107917	6.0064907	2
TTGGC	695	2.106243	6.368732	9
GCTTC	680	2.0551476	6.351311	5
GTTGG	665	2.0208538	5.10896	4
TGGTG	660	2.0056593	5.10896	6
TCTGG	650	1.969868	5.0949864	5
GGTGG	435	1.9648144	5.69525	3
TCCTT	955	1.9418627	5.1277366	2
GGAAG	545	1.9294156	8.336318	85
GCACC	395	1.9099356	6.0968027	5
GCCTT	630	1.9040339	5.693365	85
GATGG	580	1.9023887	8.271453	5
CTTGT	930	1.8962154	5.9987683	4
AGCCA	535	1.8836664	7.3991103	7
CAGCC	385	1.8615828	6.0968027	2
GGCAA	525	1.8535274	5.935523	6
ACCGT	555	1.8104442	6.855221	5
CTTCC	595	1.7933356	5.0671506	9
TTCTG	875	1.7840735	5.1418004	4
TTCCA	805	1.7667252	5.5345674	1
CAACC	495	1.7380643	5.9030967	2
GCGGC	260	1.7359829	5.612565	5
GCAAC	470	1.6548097	5.919288	6
GCTTG	545	1.6516582	5.0949855	3
GACAG	465	1.6416959	5.9355235	6
TGGGT	540	1.6409941	5.10896	8
GGCCA	335	1.6242615	6.113525	2
CCAGT	480	1.5657896	5.4841766	5
TTGGG	505	1.5346333	7.1558003	85
AATGG	635	1.5124602	6.0064907	5
TGATG	680	1.5005871	5.56497	4
AGTGG	455	1.4923911	5.5143023	1
GGCAG	305	1.4828613	6.1302924	6
GGTAG	445	1.4595913	6.178829	85
TGTGG	480	1.4586614	5.10896	3
GAAGT	610	1.4529148	5.0054092	7
GGCAC	295	1.4303197	6.113524	7
TTCCT	670	1.3623537	5.1277356	1
GGTGT	435	1.3219119	6.3862004	1
AGCAC	375	1.3203269	6.6326203	85
GGAGG	270	1.3162973	6.887894	85
GAGGA	370	1.3098785	5.0017905	85
GAGCA	370	1.3062956	6.650812	85
TGGTC	425	1.2879903	5.0949855	8
TTCAC	585	1.2838937	5.167948	85
AACAC	495	1.265594	5.3730206	4
CGGAA	350	1.235685	5.6715918	80-84
TCGTC	405	1.2240218	5.081049	1
AAGAG	475	1.22113	8.475032	85
GGGTC	270	1.216204	5.679672	3
CGGCC	180	1.198547	5.5972133	6
TGGCG	265	1.1936817	5.679672	3
GACGG	235	1.1425325	10.217155	2
TCGGA	345	1.1284981	7.702411	85
ATCGG	335	1.095788	7.702411	85
GAATG	460	1.0956408	5.0054092	2
GAGCC	225	1.0909219	6.113525	6
TGAGC	325	1.0630779	5.499219	3
AGCTG	325	1.0630778	5.499219	3
CGTAG	310	1.0140127	5.499219	3
CTTGC	335	1.0124626	5.08105	9
GGCCT	220	0.9882704	7.5521803	7
GGGAT	300	0.9839942	5.5143023	8
ATGGG	300	0.9839942	6.8928776	6
GATCG	300	0.98130274	5.5466156	80-84
GTGTG	320	0.9724409	6.3862004	2
GGATC	295	0.9649476	5.499219	9
GGCGG	140	0.9373239	5.6279597	4
CGGCG	135	0.9013757	9.433401	85
CTGCT	280	0.8462373	5.081049	1
GGGAC	170	0.8265129	6.8690543	85
GCTGT	270	0.8182527	5.0949855	4
TGGGC	175	0.7882804	5.679672	7
GGGCG	70	0.468662	8.44194	1
>>END_MODULE
